#####################################################################
# Alchemist log file - simulation started at: 2026-05-19T13:30+0000 #
#####################################################################
#
# seed = 104.0, connection_range_percentage = 0.1, variability = 7.0, history_length = 1200, drones = 80
#
# The columns have the following meaning: 
# time wandering[mean] defending[mean] solving[mean] wait[mean] attacked[max] alarm[max] historySize[mean] disagreementRate 
0.0 NaN NaN NaN NaN 0.0 0.0 NaN 0.0
0.0 0.0 0.0 0.0 1.0 0.0 0.0 2.0 0.0
1.000665331050436 0.0 0.0 0.0 1.0 0.0 0.0 2.4 0.0
2.0023305371801134 0.0 0.0 0.0 1.0 0.0 0.0 2.975 0.0
3.0043484296522998 0.0 0.0 0.0 1.0 0.0 0.0 3.0 0.0
4.0043484296523 0.0 0.0 0.0 1.0 0.0 0.0 3.0 0.0
5.0043484296523 0.0 0.0 0.0 1.0 0.0 0.0 3.0 0.0
6.001598461305978 0.0 0.0 0.0 1.0 0.0 0.0 3.0 0.0
7.0043484296523 0.0 0.0 0.0 1.0 0.0 0.0 3.0 0.0
8.0043484296523 0.0 0.0 0.0 1.0 0.0 0.0 3.0 0.0
9.0043484296523 0.0 0.0 0.0 1.0 0.0 0.0 3.0 0.0
10.0043484296523 0.0 0.0 0.0 1.0 0.0 0.0 3.0 0.0
11.0043484296523 0.0 0.0 0.0 1.0 0.0 0.0 3.0 0.0
12.0043484296523 0.0 0.0 0.0 1.0 0.0 0.0 3.0 0.0
13.003966519070898 0.0 0.0 0.0 1.0 0.0 0.0 3.0 0.0
14.0043484296523 0.0 0.0 0.0 1.0 0.0 0.0 3.0 0.0
15.0043484296523 0.0 0.0 0.0 1.0 0.0 0.0 3.0 0.0
16.0043484296523 0.0 0.0 0.0 1.0 0.0 0.0 3.0 0.0
17.0043484296523 0.0 0.0 0.0 1.0 0.0 0.0 3.0 0.0
18.0043484296523 0.0 0.0 0.0 1.0 0.0 0.0 3.0 0.0
19.000592210188003 0.0 0.0 0.0 1.0 0.0 0.0 3.0 0.0
20.0043484296523 0.0 0.0 0.0 1.0 0.0 0.0 3.0 0.0
21.0043484296523 0.0 0.0 0.0 1.0 0.0 0.0 3.0 0.0
22.0043484296523 0.0 0.0 0.0 1.0 0.0 0.0 3.0 0.0
23.0043484296523 0.0 0.0 0.0 1.0 0.0 0.0 3.0 0.0
24.0043484296523 0.0 0.0 0.0 1.0 0.0 0.0 3.0 0.0
25.0043484296523 0.0 0.0 0.0 1.0 0.0 0.0 3.0 0.0
26.0043484296523 0.0 0.0 0.0 1.0 0.0 0.0 3.0 0.0
27.0043484296523 0.0 0.0 0.0 1.0 0.0 0.0 3.0 0.0
28.00388449916032 0.0 0.0 0.0 1.0 0.0 0.0 3.0 0.0
29.00097779389662 0.0 0.0 0.0 1.0 0.0 0.0 3.0 0.0
30.0043484296523 0.0 0.0 0.0 1.0 0.0 0.0 3.0 0.0
31.0043484296523 0.0 0.0 0.0 1.0 0.0 0.0 3.0 0.0
32.00191247410022 0.0 0.0 0.0 1.0 0.0 0.0 3.0 0.0
33.004348429652296 0.0 0.0 0.0 1.0 0.0 0.0 3.0 0.0
34.004348429652296 0.0 0.0 0.0 1.0 0.0 0.0 3.0 0.0
35.004348429652296 0.0 0.0 0.0 1.0 0.0 0.0 3.0 0.0
36.00079326319032 0.0 0.0 0.0 1.0 0.0 0.0 3.0 0.0
37.004348429652296 0.0 0.0 0.0 1.0 0.0 0.0 3.0 0.0
38.004348429652296 0.0 0.0 0.0 1.0 0.0 0.0 3.0 0.0
39.004348429652296 0.0 0.0 0.0 1.0 0.0 0.0 3.0 0.0
40.004348429652296 0.0 0.0 0.0 1.0 0.0 0.0 3.0 0.0
41.00290802773208 0.0 0.0 0.0 1.0 0.0 0.0 3.0 0.0
42.004348429652296 0.0 0.0 0.0 1.0 0.0 0.0 3.0 0.0
43.004348429652296 0.0 0.0 0.0 1.0 0.0 0.0 3.0 0.0
44.00214501931424 0.0 0.0 0.0 1.0 0.0 0.0 3.0 0.0
45.004348429652296 0.0 0.0 0.0 1.0 0.0 0.0 3.0 0.0
46.003755779287225 0.0 0.0 0.0 1.0 0.0 0.0 3.0 0.0
47.004348429652296 0.0 0.0 0.0 1.0 0.0 0.0 3.0 0.0
48.004348429652296 0.0 0.0 0.0 1.0 0.0 0.0 3.0 0.0
49.004348429652296 0.0 0.0 0.0 1.0 0.0 0.0 3.0 0.0
50.004348429652296 0.0 0.0 0.0 1.0 0.0 0.0 3.0 0.0
51.004348429652296 0.0 0.0 0.0 1.0 0.0 0.0 3.0 0.0
52.004348429652296 0.0 0.0 0.0 1.0 0.0 0.0 3.0 0.0
53.004348429652296 0.0 0.0 0.0 1.0 0.0 0.0 3.0 0.0
54.00161221625017 0.0 0.0 0.0 1.0 0.0 0.0 3.0 0.0
55.004348429652296 0.0 0.0 0.0 1.0 0.0 0.0 3.0 0.0
56.003543402496994 0.0 0.0 0.0 1.0 0.0 0.0 3.0 0.0
57.004348429652296 0.0 0.0 0.0 1.0 0.0 0.0 3.0 0.0
58.004348429652296 0.0 0.0 0.0 1.0 0.0 0.0 3.0 0.0
59.004348429652296 0.0 0.0 0.0 1.0 0.0 0.0 3.0 0.0
60.004348429652296 0.0 0.0 0.0 1.0 0.0 0.0 3.0 0.0
61.004348429652296 0.0 0.0 0.0 1.0 0.0 0.0 3.0 0.0
62.004348429652296 0.0 0.0 0.0 1.0 0.0 0.0 3.0 0.0
63.004348429652296 0.0 0.0 0.0 1.0 0.0 0.0 3.0 0.0
64.0043484296523 0.0 0.0 0.0 1.0 0.0 0.0 3.0 0.0
65.00161027026626 0.0 0.0 0.0 1.0 0.0 0.0 3.0 0.0
66.0043484296523 0.0 0.0 0.0 1.0 0.0 0.0 3.0 0.0
67.0043484296523 0.0 0.0 0.0 1.0 0.0 0.0 3.0 0.0
68.0043484296523 0.0 0.0 0.0 1.0 0.0 0.0 3.0 0.0
69.0043484296523 0.0 0.0 0.0 1.0 0.0 0.0 3.0 0.0
70.0043484296523 0.0 0.0 0.0 1.0 0.0 0.0 3.0 0.0
71.0036242023506 0.0 0.0 0.0 1.0 0.0 0.0 3.0 0.0
72.0043484296523 0.0 0.0 0.0 1.0 0.0 0.0 3.0 0.0
73.0043484296523 0.0 0.0 0.0 1.0 0.0 0.0 3.0 0.0
74.0043484296523 0.0 0.0 0.0 1.0 0.0 0.0 3.0 0.0
75.0043484296523 0.0 0.0 0.0 1.0 0.0 0.0 3.0 0.0
76.0043484296523 0.0 0.0 0.0 1.0 0.0 0.0 3.0 0.0
77.0043484296523 0.0 0.0 0.0 1.0 0.0 0.0 3.0 0.0
78.0043484296523 0.0 0.0 0.0 1.0 0.0 0.0 3.0 0.0
79.0043484296523 0.0 0.0 0.0 1.0 0.0 0.0 3.0 0.0
80.0043484296523 0.0 0.0 0.0 1.0 0.0 0.0 3.0 0.0
81.0043484296523 0.0 0.0 0.0 1.0 0.0 0.0 3.0 0.0
82.00203732930159 0.0 0.0 0.0 1.0 0.0 0.0 3.0 0.0
83.00283970945249 0.0 0.0 0.0 1.0 0.0 0.0 3.0 0.0
84.0043484296523 0.0 0.0 0.0 1.0 0.0 0.0 3.0 0.0
85.0040807213984 0.0 0.0 0.0 1.0 0.0 0.0 3.0 0.0
86.0043484296523 0.0 0.0 0.0 1.0 0.0 0.0 3.0 0.0
87.0043484296523 0.0 0.0 0.0 1.0 0.0 0.0 3.0 0.0
88.0043484296523 0.0 0.0 0.0 1.0 0.0 0.0 3.0 0.0
89.0043484296523 0.0 0.0 0.0 1.0 0.0 0.0 3.0 0.0
90.0043484296523 0.0 0.0 0.0 1.0 0.0 0.0 3.0 0.0
91.0043484296523 0.0 0.0 0.0 1.0 0.0 0.0 3.0 0.0
92.0043484296523 0.0 0.0 0.0 1.0 0.0 0.0 3.0 0.0
93.0043484296523 0.0 0.0 0.0 1.0 0.0 0.0 3.0 0.0
94.0043484296523 0.0 0.0 0.0 1.0 0.0 0.0 3.0 0.0
95.0043484296523 0.0 0.0 0.0 1.0 0.0 0.0 3.0 0.0
96.00208062939913 0.0 0.0 0.0 1.0 0.0 0.0 3.0 0.0
97.00293907696229 0.0 0.0 0.0 1.0 0.0 0.0 3.0 0.0
98.0043484296523 0.0 0.0 0.0 1.0 0.0 0.0 3.0 0.0
99.0043484296523 0.0 0.0 0.0 1.0 0.0 0.0 3.0 0.0
100.0043484296523 0.0 0.0 0.0 1.0 0.0 0.0 3.0 0.0
101.0043484296523 0.0 0.0 0.0 1.0 0.0 0.0 3.0 0.0
102.0043484296523 0.0 0.0 0.0 1.0 0.0 0.0 3.0 0.0
103.00402452346584 0.0 0.0 0.0 1.0 0.0 0.0 3.0 0.0
104.0043484296523 0.0 0.0 0.0 1.0 0.0 0.0 3.0 0.0
105.0043484296523 0.0 0.0 0.0 1.0 0.0 0.0 3.0 0.0
106.0043484296523 0.0 0.0 0.0 1.0 0.0 0.0 3.0 0.0
107.0043484296523 0.0 0.0 0.0 1.0 0.0 0.0 3.0 0.0
108.00265881516012 0.0 0.0 0.0 1.0 0.0 0.0 3.0 0.0
109.0043484296523 0.0 0.0 0.0 1.0 0.0 0.0 3.0 0.0
110.0043484296523 0.0 0.0 0.0 1.0 0.0 0.0 3.0 0.0
111.0033242460764 0.0 0.0 0.0 1.0 0.0 0.0 3.0 0.0
112.00355173741039 0.0 0.0 0.0 1.0 0.0 0.0 3.0 0.0
113.0043484296523 0.0 0.0 0.0 1.0 0.0 0.0 3.0 0.0
114.0043484296523 0.0 0.0 0.0 1.0 0.0 0.0 3.0 0.0
115.0043484296523 0.0 0.0 0.0 1.0 0.0 0.0 3.0 0.0
116.0043484296523 0.0 0.0 0.0 1.0 0.0 0.0 3.0 0.0
117.0043484296523 0.0 0.0 0.0 1.0 0.0 0.0 3.0 0.0
118.0043484296523 0.0 0.0 0.0 1.0 0.0 0.0 3.0 0.0
119.00330740246201 0.0 0.0 0.0 1.0 0.0 0.0 3.0 0.0
120.0043484296523 0.0 0.0 0.0 1.0 0.0 0.0 3.0 0.0
121.0043484296523 0.0 0.0 0.0 1.0 0.0 0.0 3.0 0.0
122.0043484296523 0.0 0.0 0.0 1.0 0.0 0.0 3.0 0.0
123.0043484296523 0.0 0.0 0.0 1.0 0.0 0.0 3.0 0.0
124.0043484296523 0.0 0.0 0.0 1.0 0.0 0.0 3.0 0.0
125.0043484296523 0.0 0.0 0.0 1.0 0.0 0.0 3.0 0.0
126.0043484296523 0.0 0.0 0.0 1.0 0.0 0.0 3.0 0.0
127.0043484296523 0.0 0.0 0.0 1.0 0.0 0.0 3.0 0.0
128.00100923441244 0.0 0.0 0.0 1.0 0.0 0.0 3.0 0.0
129.00434842965228 0.0 0.0 0.0 1.0 0.0 0.0 3.0 0.0
130.00434842965228 0.0 0.0 0.0 1.0 0.0 0.0 3.0 0.0
131.00434842965228 0.0 0.0 0.0 1.0 0.0 0.0 3.0 0.0
132.0027865183527 0.0 0.0 0.0 1.0 0.0 0.0 3.0 0.0
133.00434842965228 0.0 0.0 0.0 1.0 0.0 0.0 3.0 0.0
134.00434842965228 0.0 0.0 0.0 1.0 0.0 0.0 3.0 0.0
135.00130114742018 0.0 0.0 0.0 1.0 0.0 0.0 3.0 0.0
136.00434842965228 0.0 0.0 0.0 1.0 0.0 0.0 3.0 0.0
137.00434842965228 0.0 0.0 0.0 1.0 0.0 0.0 3.0 0.0
138.00008592207925 0.0 0.0 0.0 1.0 0.0 0.0 3.0 0.0
139.00434842965228 0.0 0.0 0.0 1.0 0.0 0.0 3.0 0.0
140.00434842965228 0.0 0.0 0.0 1.0 0.0 0.0 3.0 0.0
141.00434842965228 0.0 0.0 0.0 1.0 0.0 0.0 3.0 0.0
142.00434842965228 0.0 0.0 0.0 1.0 0.0 0.0 3.0 0.0
143.00394402493134 0.0 0.0 0.0 1.0 0.0 0.0 3.0 0.0
144.00434842965228 0.0 0.0 0.0 1.0 0.0 0.0 3.0 0.0
145.00434842965228 0.0 0.0 0.0 1.0 0.0 0.0 3.0 0.0
146.00069378026458 0.0 0.0 0.0 1.0 0.0 0.0 3.0 0.0
147.00434842965228 0.0 0.0 0.0 1.0 0.0 0.0 3.0 0.0
148.00434842965228 0.0 0.0 0.0 1.0 0.0 0.0 3.0 0.0
149.00434842965228 0.0 0.0 0.0 1.0 0.0 0.0 3.0 0.0
150.00434842965228 0.0 0.0 0.0 1.0 0.0 0.0 3.0 0.0
151.00434842965228 0.0 0.0 0.0 1.0 0.0 0.0 3.0 0.0
152.00434842965228 0.0 0.0 0.0 1.0 0.0 0.0 3.0 0.0
153.00434842965228 0.0 0.0 0.0 1.0 0.0 0.0 3.0 0.0
154.00434842965228 0.0 0.0 0.0 1.0 0.0 0.0 3.0 0.0
155.00434842965228 0.0 0.0 0.0 1.0 0.0 0.0 3.0 0.0
156.00434842965228 0.0 0.0 0.0 1.0 0.0 0.0 3.0 0.0
157.00434842965228 0.0 0.0 0.0 1.0 0.0 0.0 3.0 0.0
158.00434842965228 0.0 0.0 0.0 1.0 0.0 0.0 3.0 0.0
159.00434842965228 0.0 0.0 0.0 1.0 0.0 0.0 3.0 0.0
160.00434842965228 0.0 0.0 0.0 1.0 0.0 0.0 3.0 0.0
161.00434842965228 0.0 0.0 0.0 1.0 0.0 0.0 3.0 0.0
162.00434842965228 0.0 0.0 0.0 1.0 0.0 0.0 3.0 0.0
163.00434842965228 0.0 0.0 0.0 1.0 0.0 0.0 3.0 0.0
164.00434842965228 0.0 0.0 0.0 1.0 0.0 0.0 3.0 0.0
165.00434842965228 0.0 0.0 0.0 1.0 0.0 0.0 3.0 0.0
166.00049319479635 0.0 0.0 0.0 1.0 0.0 0.0 3.0 0.0
167.00434842965228 0.0 0.0 0.0 1.0 0.0 0.0 3.0 0.0
168.00015914418682 0.0 0.0 0.0 1.0 0.0 0.0 3.0 0.0
169.00434842965228 0.0 0.0 0.0 1.0 0.0 0.0 3.0 0.0
170.00434842965228 0.0 0.0 0.0 1.0 0.0 0.0 3.0 0.0
171.00434842965228 0.0 0.0 0.0 1.0 0.0 0.0 3.0 0.0
172.00434842965228 0.0 0.0 0.0 1.0 0.0 0.0 3.0 0.0
173.00195405911785 0.0 0.0 0.0 1.0 0.0 0.0 3.0 0.0
174.00434842965228 0.0 0.0 0.0 1.0 0.0 0.0 3.0 0.0
175.00017766828196 0.0 0.0 0.0 1.0 0.0 0.0 3.0 0.0
176.00434842965228 0.0 0.0 0.0 1.0 0.0 0.0 3.0 0.0
177.00434842965228 0.0 0.0 0.0 1.0 0.0 0.0 3.0 0.0
178.00434842965228 0.0 0.0 0.0 1.0 0.0 0.0 3.0 0.0
179.00434842965228 0.0 0.0 0.0 1.0 0.0 0.0 3.0 0.0
180.00434842965228 0.0 0.0 0.0 1.0 0.0 0.0 3.0 0.0
181.00434842965228 0.0 0.0 0.0 1.0 0.0 0.0 3.0 0.0
182.00434842965228 0.0 0.0 0.0 1.0 0.0 0.0 3.0 0.0
183.00434842965228 0.0 0.0 0.0 1.0 0.0 0.0 3.0 0.0
184.00132804268466 0.0 0.0 0.0 1.0 0.0 0.0 3.0 0.0
185.00434842965228 0.0 0.0 0.0 1.0 0.0 0.0 3.0 0.0
186.00434842965228 0.0 0.0 0.0 1.0 0.0 0.0 3.0 0.0
187.003487641922 0.0 0.0 0.0 1.0 0.0 0.0 3.0 0.0
188.00434842965228 0.0 0.0 0.0 1.0 0.0 0.0 3.0 0.0
189.00136024989175 0.0 0.0 0.0 1.0 0.0 0.0 3.0 0.0
190.00426601158992 0.0 0.0 0.0 1.0 0.0 0.0 3.0 0.0
191.00434842965228 0.0 0.0 0.0 1.0 0.0 0.0 3.0 0.0
192.00434842965228 0.0 0.0 0.0 1.0 0.0 0.0 3.0 0.0
193.00434842965228 0.0 0.0 0.0 1.0 0.0 0.0 3.0 0.0
194.00298016321133 0.0 0.0 0.0 1.0 0.0 0.0 3.0 0.0
195.00434842965228 0.0 0.0 0.0 1.0 0.0 0.0 3.0 0.0
196.00104695684792 0.0 0.0 0.0 1.0 0.0 0.0 3.0 0.0
197.00434842965228 0.0 0.0 0.0 1.0 0.0 0.0 3.0 0.0
198.00434842965228 0.0 0.0 0.0 1.0 0.0 0.0 3.0 0.0
199.00434842965228 0.0 0.0 0.0 1.0 0.0 0.0 3.0 0.0
200.00434842965228 0.0 0.0 0.0 1.0 0.0 0.0 3.0 0.0
201.00434842965228 0.0 0.0 0.0 1.0 0.0 0.0 3.0 0.0
202.00434842965228 0.0 0.0 0.0 1.0 0.0 0.0 3.0 0.0
203.00434842965228 0.0 0.0 0.0 1.0 0.0 0.0 3.0 0.0
204.00434842965228 0.0 0.0 0.0 1.0 0.0 0.0 3.0 0.0
205.00434842965228 0.0 0.0 0.0 1.0 0.0 0.0 3.0 0.0
206.00209617047307 0.0 0.0 0.0 1.0 0.0 0.0 3.0 0.0
207.0013211728741 0.0 0.0 0.0 1.0 0.0 0.0 3.0 0.0
208.00434842965228 0.0 0.0 0.0 1.0 0.0 0.0 3.0 0.0
209.00434842965228 0.0 0.0 0.0 1.0 0.0 0.0 3.0 0.0
210.00114693727855 0.0 0.0 0.0 1.0 0.0 0.0 3.0 0.0
211.00434842965228 0.0 0.0 0.0 1.0 0.0 0.0 3.0 0.0
212.00434842965228 0.0 0.0 0.0 1.0 0.0 0.0 3.0 0.0
213.00434842965228 0.0 0.0 0.0 1.0 0.0 0.0 3.0 0.0
214.00434842965228 0.0 0.0 0.0 1.0 0.0 0.0 3.0 0.0
215.00299152718642 0.0 0.0 0.0 1.0 0.0 0.0 3.0 0.0
216.00434842965228 0.0 0.0 0.0 1.0 0.0 0.0 3.0 0.0
217.00434842965228 0.0 0.0 0.0 1.0 0.0 0.0 3.0 0.0
218.00434842965228 0.0 0.0 0.0 1.0 0.0 0.0 3.0 0.0
219.00130229470574 0.0 0.0 0.0 1.0 0.0 0.0 3.0 0.0
220.00434842965228 0.0 0.0 0.0 1.0 0.0 0.0 3.0 0.0
221.00434842965228 0.0 0.0 0.0 1.0 0.0 0.0 3.0 0.0
222.00312436834594 0.0 0.0 0.0 1.0 0.0 0.0 3.0 0.0
223.00434842965228 0.0 0.0 0.0 1.0 0.0 0.0 3.0 0.0
224.00214464119574 0.0 0.0 0.0 1.0 0.0 0.0 3.0 0.0
225.00434842965228 0.0 0.0 0.0 1.0 0.0 0.0 3.0 0.0
226.00434842965228 0.0 0.0 0.0 1.0 0.0 0.0 3.0 0.0
227.00290087277065 0.0 0.0 0.0 1.0 0.0 0.0 3.0 0.0
228.00289122152475 0.0 0.0 0.0 1.0 0.0 0.0 3.0 0.0
229.00275716634513 0.0 0.0 0.0 1.0 0.0 0.0 3.0 0.0
230.00434842965228 0.0 0.0 0.0 1.0 0.0 0.0 3.0 0.0
231.00434842965228 0.0 0.0 0.0 1.0 0.0 0.0 3.0 0.0
232.0009230210557 0.0 0.0 0.0 1.0 0.0 0.0 3.0 0.0
233.00434842965228 0.0 0.0 0.0 1.0 0.0 0.0 3.0 0.0
234.00434842965228 0.0 0.0 0.0 1.0 0.0 0.0 3.0 0.0
235.00434842965228 0.0 0.0 0.0 1.0 0.0 0.0 3.0 0.0
236.0008908793837 0.0 0.0 0.0 1.0 0.0 0.0 3.0 0.0
237.00434842965228 0.0 0.0 0.0 1.0 0.0 0.0 3.0 0.0
238.00434842965228 0.0 0.0 0.0 1.0 0.0 0.0 3.0 0.0
239.00434842965228 0.0 0.0 0.0 1.0 0.0 0.0 3.0 0.0
240.00434842965228 0.0 0.0 0.0 1.0 0.0 0.0 3.0 0.0
241.00434842965228 0.0 0.0 0.0 1.0 0.0 0.0 3.0 0.0
242.00434842965228 0.0 0.0 0.0 1.0 0.0 0.0 3.0 0.0
243.00434842965228 0.0 0.0 0.0 1.0 0.0 0.0 3.0 0.0
244.00434842965228 0.0 0.0 0.0 1.0 0.0 0.0 3.0 0.0
245.00434842965228 0.0 0.0 0.0 1.0 0.0 0.0 3.0 0.0
246.00434842965228 0.0 0.0 0.0 1.0 0.0 0.0 3.0 0.0
247.00434842965228 0.0 0.0 0.0 1.0 0.0 0.0 3.0 0.0
248.00434842965228 0.0 0.0 0.0 1.0 0.0 0.0 3.0 0.0
249.00005843098918 0.0 0.0 0.0 1.0 0.0 0.0 3.0 0.0
250.00434842965228 0.0 0.0 0.0 1.0 0.0 0.0 3.0 0.0
251.00040038953978 0.0 0.0 0.0 1.0 0.0 0.0 3.0 0.0
252.00434842965228 0.0 0.0 0.0 1.0 0.0 0.0 3.0 0.0
253.00434842965228 0.0 0.0 0.0 1.0 0.0 0.0 3.0 0.0
254.00434842965228 0.0 0.0 0.0 1.0 0.0 0.0 3.0 0.0
255.00434842965228 0.0 0.0 0.0 1.0 0.0 0.0 3.0 0.0
256.0043484296523 0.0 0.0 0.0 1.0 0.0 0.0 3.0 0.0
257.0026149590852 0.0 0.0 0.0 1.0 0.0 0.0 3.0 0.0
258.0043484296523 0.0 0.0 0.0 1.0 0.0 0.0 3.0 0.0
259.0043484296523 0.0 0.0 0.0 1.0 0.0 0.0 3.0 0.0
260.0043484296523 0.0 0.0 0.0 1.0 0.0 0.0 3.0 0.0
261.0043484296523 0.0 0.0 0.0 1.0 0.0 0.0 3.0 0.0
262.0004613258319 0.0 0.0 0.0 1.0 0.0 0.0 3.0 0.0
263.0043484296523 0.0 0.0 0.0 1.0 0.0 0.0 3.0 0.0
264.0002097805398 0.0 0.0 0.0 1.0 0.0 0.0 3.0 0.0
265.0043484296523 0.0 0.0 0.0 1.0 0.0 0.0 3.0 0.0
266.0043484296523 0.0 0.0 0.0 1.0 0.0 0.0 3.0 0.0
267.0043484296523 0.0 0.0 0.0 1.0 0.0 0.0 3.0 0.0
268.0043484296523 0.0 0.0 0.0 1.0 0.0 0.0 3.0 0.0
269.00310105448153 0.0 0.0 0.0 1.0 0.0 0.0 3.0 0.0
270.0043484296523 0.0 0.0 0.0 1.0 0.0 0.0 3.0 0.0
271.00339321711 0.0 0.0 0.0 1.0 0.0 0.0 3.0 0.0
272.0043484296523 0.0 0.0 0.0 1.0 0.0 0.0 3.0 0.0
273.0003853496075 0.0 0.0 0.0 1.0 0.0 0.0 3.0 0.0
274.0043484296523 0.0 0.0 0.0 1.0 0.0 0.0 3.0 0.0
275.0043484296523 0.0 0.0 0.0 1.0 0.0 0.0 3.0 0.0
276.0043484296523 0.0 0.0 0.0 1.0 0.0 0.0 3.0 0.0
277.0043484296523 0.0 0.0 0.0 1.0 0.0 0.0 3.0 0.0
278.0043484296523 0.0 0.0 0.0 1.0 0.0 0.0 3.0 0.0
279.0043484296523 0.0 0.0 0.0 1.0 0.0 0.0 3.0 0.0
280.0043484296523 0.0 0.0 0.0 1.0 0.0 0.0 3.0 0.0
281.0043484296523 0.0 0.0 0.0 1.0 0.0 0.0 3.0 0.0
282.0043484296523 0.0 0.0 0.0 1.0 0.0 0.0 3.0 0.0
283.0043484296523 0.0 0.0 0.0 1.0 0.0 0.0 3.0 0.0
284.0043484296523 0.0 0.0 0.0 1.0 0.0 0.0 3.0 0.0
285.0043484296523 0.0 0.0 0.0 1.0 0.0 0.0 3.0 0.0
286.0043484296523 0.0 0.0 0.0 1.0 0.0 0.0 3.0 0.0
287.0028672061733 0.0 0.0 0.0 1.0 0.0 0.0 3.0 0.0
288.0043484296523 0.0 0.0 0.0 1.0 0.0 0.0 3.0 0.0
289.00011821820755 0.0 0.0 0.0 1.0 0.0 0.0 3.0 0.0
290.00331305990125 0.0 0.0 0.0 1.0 0.0 0.0 3.0 0.0
291.0043484296523 0.0 0.0 0.0 1.0 0.0 0.0 3.0 0.0
292.00379171123984 0.0 0.0 0.0 1.0 0.0 0.0 3.0 0.0
293.0043484296523 0.0 0.0 0.0 1.0 0.0 0.0 3.0 0.0
294.0043484296523 0.0 0.0 0.0 1.0 0.0 0.0 3.0 0.0
295.0043484296523 0.0 0.0 0.0 1.0 0.0 0.0 3.0 0.0
296.0043484296523 0.0 0.0 0.0 1.0 0.0 0.0 3.0 0.0
297.0043484296523 0.0 0.0 0.0 1.0 0.0 0.0 3.0 0.0
298.0043484296523 0.0 0.0 0.0 1.0 0.0 0.0 3.0 0.0
299.0043484296523 0.0 0.0 0.0 1.0 0.0 0.0 3.0 0.0
300.0043484296523 0.0 0.0 0.0 1.0 0.0 0.0 3.0 0.0
301.002760425948 0.0 0.0 0.0 1.0 0.0 0.0 3.0 0.0
302.0043484296523 0.0 0.0 0.0 1.0 0.0 0.0 3.0 0.0
303.0029191865873 0.0 0.0 0.0 1.0 0.0 0.0 3.0 0.0
304.0043484296523 0.0 0.0 0.0 1.0 0.0 0.0 3.0 0.0
305.0043484296523 0.0 0.0 0.0 1.0 0.0 0.0 3.0 0.0
306.0043262457624 0.0 0.0 0.0 1.0 0.0 0.0 3.0 0.0
307.0043484296523 0.0 0.0 0.0 1.0 0.0 0.0 3.0 0.0
308.0009298580362 0.0 0.0 0.0 1.0 0.0 0.0 3.0 0.0
309.0023830854805 0.0 0.0 0.0 1.0 0.0 0.0 3.0 0.0
310.0043484296523 0.0 0.0 0.0 1.0 0.0 0.0 3.0 0.0
311.0043484296523 0.0 0.0 0.0 1.0 0.0 0.0 3.0 0.0
312.0011354386796 0.0 0.0 0.0 1.0 0.0 0.0 3.0 0.0
313.00432740830786 0.0 0.0 0.0 1.0 0.0 0.0 3.0 0.0
314.0043484296523 0.0 0.0 0.0 1.0 0.0 0.0 3.0 0.0
315.0043484296523 0.0 0.0 0.0 1.0 0.0 0.0 3.0 0.0
316.0043484296523 0.0 0.0 0.0 1.0 0.0 0.0 3.0 0.0
317.0043484296523 0.0 0.0 0.0 1.0 0.0 0.0 3.0 0.0
318.0043484296523 0.0 0.0 0.0 1.0 0.0 0.0 3.0 0.0
319.0043484296523 0.0 0.0 0.0 1.0 0.0 0.0 3.0 0.0
320.0006985381024 0.0 0.0 0.0 1.0 0.0 0.0 3.0 0.0
321.0043484296523 0.0 0.0 0.0 1.0 0.0 0.0 3.0 0.0
322.0043484296523 0.0 0.0 0.0 1.0 0.0 0.0 3.0 0.0
323.0027815548638 0.0 0.0 0.0 1.0 0.0 0.0 3.0 0.0
324.0043484296523 0.0 0.0 0.0 1.0 0.0 0.0 3.0 0.0
325.0024794356099 0.0 0.0 0.0 1.0 0.0 0.0 3.0 0.0
326.0043484296523 0.0 0.0 0.0 1.0 0.0 0.0 3.0 0.0
327.0043484296523 0.0 0.0 0.0 1.0 0.0 0.0 3.0 0.0
328.0043484296523 0.0 0.0 0.0 1.0 0.0 0.0 3.0 0.0
329.0043484296523 0.0 0.0 0.0 1.0 0.0 0.0 3.0 0.0
330.0043484296523 0.0 0.0 0.0 1.0 0.0 0.0 3.0 0.0
331.002692562583 0.0 0.0 0.0 1.0 0.0 0.0 3.0 0.0
332.0043484296523 0.0 0.0 0.0 1.0 0.0 0.0 3.0 0.0
333.0043484296523 0.0 0.0 0.0 1.0 0.0 0.0 3.0 0.0
334.00350603024384 0.0 0.0 0.0 1.0 0.0 0.0 3.0 0.0
335.0043484296523 0.0 0.0 0.0 1.0 0.0 0.0 3.0 0.0
336.0043484296523 0.0 0.0 0.0 1.0 0.0 0.0 3.0 0.0
337.0043484296523 0.0 0.0 0.0 1.0 0.0 0.0 3.0 0.0
338.0020377115182 0.0 0.0 0.0 1.0 0.0 0.0 3.0 0.0
339.0043484296523 0.0 0.0 0.0 1.0 0.0 0.0 3.0 0.0
340.0043484296523 0.0 0.0 0.0 1.0 0.0 0.0 3.0 0.0
341.0043484296523 0.0 0.0 0.0 1.0 0.0 0.0 3.0 0.0
342.00069183441434 0.0 0.0 0.0 1.0 0.0 0.0 3.0 0.0
343.0043484296523 0.0 0.0 0.0 1.0 0.0 0.0 3.0 0.0
344.0043484296523 0.0 0.0 0.0 1.0 0.0 0.0 3.0 0.0
345.0043484296523 0.0 0.0 0.0 1.0 0.0 0.0 3.0 0.0
346.00145183990276 0.0 0.0 0.0 1.0 0.0 0.0 3.0 0.0
347.00095198038593 0.0 0.0 0.0 1.0 0.0 0.0 3.0 0.0
348.0043484296523 0.0 0.0 0.0 1.0 0.0 0.0 3.0 0.0
349.0043484296523 0.0 0.0 0.0 1.0 0.0 0.0 3.0 0.0
350.0043484296523 0.0 0.0 0.0 1.0 0.0 0.0 3.0 0.0
351.0000412780206 0.0 0.0 0.0 1.0 0.0 0.0 3.0 0.0
352.0022074249277 0.0 0.0 0.0 1.0 0.0 0.0 3.0 0.0
353.0043484296523 0.0 0.0 0.0 1.0 0.0 0.0 3.0 0.0
354.0043484296523 0.0 0.0 0.0 1.0 0.0 0.0 3.0 0.0
355.0043484296523 0.0 0.0 0.0 1.0 0.0 0.0 3.0 0.0
356.0043484296523 0.0 0.0 0.0 1.0 0.0 0.0 3.0 0.0
357.0043484296523 0.0 0.0 0.0 1.0 0.0 0.0 3.0 0.0
358.0043484296523 0.0 0.0 0.0 1.0 0.0 0.0 3.0 0.0
359.0043484296523 0.0 0.0 0.0 1.0 0.0 0.0 3.0 0.0
360.0043484296523 0.0 0.0 0.0 1.0 0.0 0.0 3.0 0.0
361.0043484296523 0.0 0.0 0.0 1.0 0.0 0.0 3.0 0.0
362.0043484296523 0.0 0.0 0.0 1.0 0.0 0.0 3.0 0.0
363.0043484296523 0.0 0.0 0.0 1.0 0.0 0.0 3.0 0.0
364.0000408899474 0.0 0.0 0.0 1.0 0.0 0.0 3.0 0.0
365.0043484296523 0.0 0.0 0.0 1.0 0.0 0.0 3.0 0.0
366.0043484296523 0.0 0.0 0.0 1.0 0.0 0.0 3.0 0.0
367.0043484296523 0.0 0.0 0.0 1.0 0.0 0.0 3.0 0.0
368.0043484296523 0.0 0.0 0.0 1.0 0.0 0.0 3.0 0.0
369.00032990229585 0.0 0.0 0.0 1.0 0.0 0.0 3.0 0.0
370.0043484296523 0.0 0.0 0.0 1.0 0.0 0.0 3.0 0.0
371.0043484296523 0.0 0.0 0.0 1.0 0.0 0.0 3.0 0.0
372.0020893708971 0.0 0.0 0.0 1.0 0.0 0.0 3.0 0.0
373.0043484296523 0.0 0.0 0.0 1.0 0.0 0.0 3.0 0.0
374.0043484296523 0.0 0.0 0.0 1.0 0.0 0.0 3.0 0.0
375.00153766381436 0.0 0.0 0.0 1.0 0.0 0.0 3.0 0.0
376.00424629435514 0.0 0.0 0.0 1.0 0.0 0.0 3.0 0.0
377.0043484296523 0.0 0.0 0.0 1.0 0.0 0.0 3.0 0.0
378.0043484296523 0.0 0.0 0.0 1.0 0.0 0.0 3.0 0.0
379.0043484296523 0.0 0.0 0.0 1.0 0.0 0.0 3.0 0.0
380.0003742557408 0.0 0.0 0.0 1.0 0.0 0.0 3.0 0.0
381.0043484296523 0.0 0.0 0.0 1.0 0.0 0.0 3.0 0.0
382.0043484296523 0.0 0.0 0.0 1.0 0.0 0.0 3.0 0.0
383.00345944694027 0.0 0.0 0.0 1.0 0.0 0.0 3.0 0.0
384.0010645438126 0.0 0.0 0.0 1.0 0.0 0.0 3.0 0.0
385.0043484296523 0.0 0.0 0.0 1.0 0.0 0.0 3.0 0.0
386.0043484296523 0.0 0.0 0.0 1.0 0.0 0.0 3.0 0.0
387.0043484296523 0.0 0.0 0.0 1.0 0.0 0.0 3.0 0.0
388.0043484296523 0.0 0.0 0.0 1.0 0.0 0.0 3.0 0.0
389.0043484296523 0.0 0.0 0.0 1.0 0.0 0.0 3.0 0.0
390.0043484296523 0.0 0.0 0.0 1.0 0.0 0.0 3.0 0.0
391.0027111270461 0.0 0.0 0.0 1.0 0.0 0.0 3.0 0.0
392.0043484296523 0.0 0.0 0.0 1.0 0.0 0.0 3.0 0.0
393.0043484296523 0.0 0.0 0.0 1.0 0.0 0.0 3.0 0.0
394.0026357159121 0.0 0.0 0.0 1.0 0.0 0.0 3.0 0.0
395.00368672771623 0.0 0.0 0.0 1.0 0.0 0.0 3.0 0.0
396.0043484296523 0.0 0.0 0.0 1.0 0.0 0.0 3.0 0.0
397.0043484296523 0.0 0.0 0.0 1.0 0.0 0.0 3.0 0.0
398.0043484296523 0.0 0.0 0.0 1.0 0.0 0.0 3.0 0.0
399.0043484296523 0.0 0.0 0.0 1.0 0.0 0.0 3.0 0.0
400.0043484296523 0.0 0.0 0.0 1.0 0.0 0.0 3.0 0.0
401.0043484296523 0.0 0.0 0.0 1.0 0.0 0.0 3.0 0.0
402.0043484296523 0.0 0.0 0.0 1.0 0.0 0.0 3.0 0.0
403.0043484296523 0.0 0.0 0.0 1.0 0.0 0.0 3.0 0.0
404.0043484296523 0.0 0.0 0.0 1.0 0.0 0.0 3.0 0.0
405.0043484296523 0.0 0.0 0.0 1.0 0.0 0.0 3.0 0.0
406.0043484296523 0.0 0.0 0.0 1.0 0.0 0.0 3.0 0.0
407.00416629459374 0.0 0.0 0.0 1.0 0.0 0.0 3.0 0.0
408.0043484296523 0.0 0.0 0.0 1.0 0.0 0.0 3.0 0.0
409.00287972600705 0.0 0.0 0.0 1.0 0.0 0.0 3.0 0.0
410.0043484296523 0.0 0.0 0.0 1.0 0.0 0.0 3.0 0.0
411.00370300581386 0.0 0.0 0.0 1.0 0.0 0.0 3.0 0.0
412.0043484296523 0.0 0.0 0.0 1.0 0.0 0.0 3.0 0.0
413.0043484296523 0.0 0.0 0.0 1.0 0.0 0.0 3.0 0.0
414.0043484296523 0.0 0.0 0.0 1.0 0.0 0.0 3.0 0.0
415.0040816119104 0.0 0.0 0.0 1.0 0.0 0.0 3.0 0.0
416.0043484296523 0.0 0.0 0.0 1.0 0.0 0.0 3.0 0.0
417.0043484296523 0.0 0.0 0.0 1.0 0.0 0.0 3.0 0.0
418.0043484296523 0.0 0.0 0.0 1.0 0.0 0.0 3.0 0.0
419.0043484296523 0.0 0.0 0.0 1.0 0.0 0.0 3.0 0.0
420.0040705862946 0.0 0.0 0.0 1.0 0.0 0.0 3.0 0.0
421.0009443493499 0.0 0.0 0.0 1.0 0.0 0.0 3.0 0.0
422.0043484296523 0.0 0.0 0.0 1.0 0.0 0.0 3.0 0.0
423.0043484296523 0.0 0.0 0.0 1.0 0.0 0.0 3.0 0.0
424.0043484296523 0.0 0.0 0.0 1.0 0.0 0.0 3.0 0.0
425.0043484296523 0.0 0.0 0.0 1.0 0.0 0.0 3.0 0.0
426.00375648886745 0.0 0.0 0.0 1.0 0.0 0.0 3.0 0.0
427.0038101741554 0.0 0.0 0.0 1.0 0.0 0.0 3.0 0.0
428.0043484296523 0.0 0.0 0.0 1.0 0.0 0.0 3.0 0.0
429.00044639723137 0.0 0.0 0.0 1.0 0.0 0.0 3.0 0.0
430.0043484296523 0.0 0.0 0.0 1.0 0.0 0.0 3.0 0.0
431.0043484296523 0.0 0.0 0.0 1.0 0.0 0.0 3.0 0.0
432.0043484296523 0.0 0.0 0.0 1.0 0.0 0.0 3.0 0.0
433.00247912955774 0.0 0.0 0.0 1.0 0.0 0.0 3.0 0.0
434.0043484296523 0.0 0.0 0.0 1.0 0.0 0.0 3.0 0.0
435.0013508448824 0.0 0.0 0.0 1.0 0.0 0.0 3.0 0.0
436.0043484296523 0.0 0.0 0.0 1.0 0.0 0.0 3.0 0.0
437.0043484296523 0.0 0.0 0.0 1.0 0.0 0.0 3.0 0.0
438.0043484296523 0.0 0.0 0.0 1.0 0.0 0.0 3.0 0.0
439.0043484296523 0.0 0.0 0.0 1.0 0.0 0.0 3.0 0.0
440.0011848619776 0.0 0.0 0.0 1.0 0.0 0.0 3.0 0.0
441.0016887089522 0.0 0.0 0.0 1.0 0.0 0.0 3.0 0.0
442.0043484296523 0.0 0.0 0.0 1.0 0.0 0.0 3.0 0.0
443.0043484296523 0.0 0.0 0.0 1.0 0.0 0.0 3.0 0.0
444.0020040884922 0.0 0.0 0.0 1.0 0.0 0.0 3.0 0.0
445.0043484296523 0.0 0.0 0.0 1.0 0.0 0.0 3.0 0.0
446.0043484296523 0.0 0.0 0.0 1.0 0.0 0.0 3.0 0.0
447.0043484296523 0.0 0.0 0.0 1.0 0.0 0.0 3.0 0.0
448.0043484296523 0.0 0.0 0.0 1.0 0.0 0.0 3.0 0.0
449.0043484296523 0.0 0.0 0.0 1.0 0.0 0.0 3.0 0.0
450.0043484296523 0.0 0.0 0.0 1.0 0.0 0.0 3.0 0.0
451.0000105794332 0.0 0.0 0.0 1.0 0.0 0.0 3.0 0.0
452.0043484296523 0.0 0.0 0.0 1.0 0.0 0.0 3.0 0.0
453.0029780195534 0.0 0.0 0.0 1.0 0.0 0.0 3.0 0.0
454.0043484296523 0.0 0.0 0.0 1.0 0.0 0.0 3.0 0.0
455.0043484296523 0.0 0.0 0.0 1.0 0.0 0.0 3.0 0.0
456.0043484296523 0.0 0.0 0.0 1.0 0.0 0.0 3.0 0.0
457.00294984347283 0.0 0.0 0.0 1.0 0.0 0.0 3.0 0.0
458.0043484296523 0.0 0.0 0.0 1.0 0.0 0.0 3.0 0.0
459.0043484296523 0.0 0.0 0.0 1.0 0.0 0.0 3.0 0.0
460.00054609524597 0.0 0.0 0.0 1.0 0.0 0.0 3.0 0.0
461.0043484296523 0.0 0.0 0.0 1.0 0.0 0.0 3.0 0.0
462.0043484296523 0.0 0.0 0.0 1.0 0.0 0.0 3.0 0.0
463.00176042047053 0.0 0.0 0.0 1.0 0.0 0.0 3.0 0.0
464.0043484296523 0.0 0.0 0.0 1.0 0.0 0.0 3.0 0.0
465.0043484296523 0.0 0.0 0.0 1.0 0.0 0.0 3.0 0.0
466.0043484296523 0.0 0.0 0.0 1.0 0.0 0.0 3.0 0.0
467.0043484296523 0.0 0.0 0.0 1.0 0.0 0.0 3.0 0.0
468.0043484296523 0.0 0.0 0.0 1.0 0.0 0.0 3.0 0.0
469.0043484296523 0.0 0.0 0.0 1.0 0.0 0.0 3.0 0.0
470.0043484296523 0.0 0.0 0.0 1.0 0.0 0.0 3.0 0.0
471.0043484296523 0.0 0.0 0.0 1.0 0.0 0.0 3.0 0.0
472.00106082423616 0.0 0.0 0.0 1.0 0.0 0.0 3.0 0.0
473.0043484296523 0.0 0.0 0.0 1.0 0.0 0.0 3.0 0.0
474.0043484296523 0.0 0.0 0.0 1.0 0.0 0.0 3.0 0.0
475.0043484296523 0.0 0.0 0.0 1.0 0.0 0.0 3.0 0.0
476.0013393893997 0.0 0.0 0.0 1.0 0.0 0.0 3.0 0.0
477.0043484296523 0.0 0.0 0.0 1.0 0.0 0.0 3.0 0.0
478.0019065681107 0.0 0.0 0.0 1.0 0.0 0.0 3.0 0.0
479.0043484296523 0.0 0.0 0.0 1.0 0.0 0.0 3.0 0.0
480.0043484296523 0.0 0.0 0.0 1.0 0.0 0.0 3.0 0.0
481.0043484296523 0.0 0.0 0.0 1.0 0.0 0.0 3.0 0.0
482.0043484296523 0.0 0.0 0.0 1.0 0.0 0.0 3.0 0.0
483.0043484296523 0.0 0.0 0.0 1.0 0.0 0.0 3.0 0.0
484.0025282768698 0.0 0.0 0.0 1.0 0.0 0.0 3.0 0.0
485.0043484296523 0.0 0.0 0.0 1.0 0.0 0.0 3.0 0.0
486.0043484296523 0.0 0.0 0.0 1.0 0.0 0.0 3.0 0.0
487.0012170767344 0.0 0.0 0.0 1.0 0.0 0.0 3.0 0.0
488.0027633744588 0.0 0.0 0.0 1.0 0.0 0.0 3.0 0.0
489.0043484296523 0.0 0.0 0.0 1.0 0.0 0.0 3.0 0.0
490.0043484296523 0.0 0.0 0.0 1.0 0.0 0.0 3.0 0.0
491.0043484296523 0.0 0.0 0.0 1.0 0.0 0.0 3.0 0.0
492.0043484296523 0.0 0.0 0.0 1.0 0.0 0.0 3.0 0.0
493.00077737562316 0.0 0.0 0.0 1.0 0.0 0.0 3.0 0.0
494.0003851801321 0.0 0.0 0.0 1.0 0.0 0.0 3.0 0.0
495.0043484296523 0.0 0.0 0.0 1.0 0.0 0.0 3.0 0.0
496.00199634529247 0.0 0.0 0.0 1.0 0.0 0.0 3.0 0.0
497.000977381306 0.0 0.0 0.0 1.0 0.0 0.0 3.0 0.0
498.0043484296523 0.0 0.0 0.0 1.0 0.0 0.0 3.0 0.0
499.0043484296523 0.0 0.0 0.0 1.0 0.0 0.0 3.0 0.0
500.0043484296523 0.0 0.0 0.0 1.0 0.0 0.0 3.0 0.0
501.0006691186619 0.0 0.0 0.0 1.0 0.0 0.0 3.0 0.0
502.0043484296523 0.0 0.0 0.0 1.0 0.0 0.0 3.0 0.0
503.0043484296523 0.0 0.0 0.0 1.0 0.0 0.0 3.0 0.0
504.0043484296523 0.0 0.0 0.0 1.0 0.0 0.0 3.0 0.0
505.0043484296523 0.0 0.0 0.0 1.0 0.0 0.0 3.0 0.0
506.0043484296523 0.0 0.0 0.0 1.0 0.0 0.0 3.0 0.0
507.0043484296523 0.0 0.0 0.0 1.0 0.0 0.0 3.0 0.0
508.0043484296523 0.0 0.0 0.0 1.0 0.0 0.0 3.0 0.0
509.0026323018534 0.0 0.0 0.0 1.0 0.0 0.0 3.0 0.0
510.0041665981604 0.0 0.0 0.0 1.0 0.0 0.0 3.0 0.0
511.0043484296523 0.0 0.0 0.0 1.0 0.0 0.0 3.0 0.0
512.0024116780362 0.0 0.0 0.0 1.0 0.0 0.0 3.0 0.0
513.0043484296523 0.0 0.0 0.0 1.0 0.0 0.0 3.0 0.0
514.0043484296523 0.0 0.0 0.0 1.0 0.0 0.0 3.0 0.0
515.0033219298971 0.0 0.0 0.0 1.0 0.0 0.0 3.0 0.0
516.0040010294132 0.0 0.0 0.0 1.0 0.0 0.0 3.0 0.0
517.0012160330698 0.0 0.0 0.0 1.0 0.0 0.0 3.0 0.0
518.0016532965211 0.0 0.0 0.0 1.0 0.0 0.0 3.0 0.0
519.0043484296523 0.0 0.0 0.0 1.0 0.0 0.0 3.0 0.0
520.0012849367993 0.0 0.0 0.0 1.0 0.0 0.0 3.0 0.0
521.0043484296523 0.0 0.0 0.0 1.0 0.0 0.0 3.0 0.0
522.0043484296523 0.0 0.0 0.0 1.0 0.0 0.0 3.0 0.0
523.0007773022877 0.0 0.0 0.0 1.0 0.0 0.0 3.0 0.0
524.0043484296523 0.0 0.0 0.0 1.0 0.0 0.0 3.0 0.0
525.0043484296523 0.0 0.0 0.0 1.0 0.0 0.0 3.0 0.0
526.0043484296523 0.0 0.0 0.0 1.0 0.0 0.0 3.0 0.0
527.0043484296523 0.0 0.0 0.0 1.0 0.0 0.0 3.0 0.0
528.003217026751 0.0 0.0 0.0 1.0 0.0 0.0 3.0 0.0
529.0043484296523 0.0 0.0 0.0 1.0 0.0 0.0 3.0 0.0
530.0043484296523 0.0 0.0 0.0 1.0 0.0 0.0 3.0 0.0
531.0043484296523 0.0 0.0 0.0 1.0 0.0 0.0 3.0 0.0
532.0043484296523 0.0 0.0 0.0 1.0 0.0 0.0 3.0 0.0
533.0043484296523 0.0 0.0 0.0 1.0 0.0 0.0 3.0 0.0
534.0043484296523 0.0 0.0 0.0 1.0 0.0 0.0 3.0 0.0
535.0043484296523 0.0 0.0 0.0 1.0 0.0 0.0 3.0 0.0
536.0006668504765 0.0 0.0 0.0 1.0 0.0 0.0 3.0 0.0
537.0043484296523 0.0 0.0 0.0 1.0 0.0 0.0 3.0 0.0
538.0031938981826 0.0 0.0 0.0 1.0 0.0 0.0 3.0 0.0
539.0043484296523 0.0 0.0 0.0 1.0 0.0 0.0 3.0 0.0
540.0043484296523 0.0 0.0 0.0 1.0 0.0 0.0 3.0 0.0
541.0043484296523 0.0 0.0 0.0 1.0 0.0 0.0 3.0 0.0
542.0043484296523 0.0 0.0 0.0 1.0 0.0 0.0 3.0 0.0
543.0043484296523 0.0 0.0 0.0 1.0 0.0 0.0 3.0 0.0
544.0043484296523 0.0 0.0 0.0 1.0 0.0 0.0 3.0 0.0
545.0035630155688 0.0 0.0 0.0 1.0 0.0 0.0 3.0 0.0
546.0043484296523 0.0 0.0 0.0 1.0 0.0 0.0 3.0 0.0
547.0043484296523 0.0 0.0 0.0 1.0 0.0 0.0 3.0 0.0
548.0001752386129 0.0 0.0 0.0 1.0 0.0 0.0 3.0 0.0
549.0043484296523 0.0 0.0 0.0 1.0 0.0 0.0 3.0 0.0
550.0041120909132 0.0 0.0 0.0 1.0 0.0 0.0 3.0 0.0
551.0043484296523 0.0 0.0 0.0 1.0 0.0 0.0 3.0 0.0
552.0043484296523 0.0 0.0 0.0 1.0 0.0 0.0 3.0 0.0
553.0043484296523 0.0 0.0 0.0 1.0 0.0 0.0 3.0 0.0
554.0043484296523 0.0 0.0 0.0 1.0 0.0 0.0 3.0 0.0
555.0043484296523 0.0 0.0 0.0 1.0 0.0 0.0 3.0 0.0
556.0043484296523 0.0 0.0 0.0 1.0 0.0 0.0 3.0 0.0
557.0015162074063 0.0 0.0 0.0 1.0 0.0 0.0 3.0 0.0
558.0043484296523 0.0 0.0 0.0 1.0 0.0 0.0 3.0 0.0
559.0043484296523 0.0 0.0 0.0 1.0 0.0 0.0 3.0 0.0
560.0043484296523 0.0 0.0 0.0 1.0 0.0 0.0 3.0 0.0
561.0043484296523 0.0 0.0 0.0 1.0 0.0 0.0 3.0 0.0
562.0027055744096 0.0 0.0 0.0 1.0 0.0 0.0 3.0 0.0
563.0043484296523 0.0 0.0 0.0 1.0 0.0 0.0 3.0 0.0
564.0043484296523 0.0 0.0 0.0 1.0 0.0 0.0 3.0 0.0
565.0043484296523 0.0 0.0 0.0 1.0 0.0 0.0 3.0 0.0
566.0026901864143 0.0 0.0 0.0 1.0 0.0 0.0 3.0 0.0
567.0043484296523 0.0 0.0 0.0 1.0 0.0 0.0 3.0 0.0
568.0000776202141 0.0 0.0 0.0 1.0 0.0 0.0 3.0 0.0
569.0043484296523 0.0 0.0 0.0 1.0 0.0 0.0 3.0 0.0
570.0029671186279 0.0 0.0 0.0 1.0 0.0 0.0 3.0 0.0
571.0011808942317 0.0 0.0 0.0 1.0 0.0 0.0 3.0 0.0
572.0043484296523 0.0 0.0 0.0 1.0 0.0 0.0 3.0 0.0
573.0043484296523 0.0 0.0 0.0 1.0 0.0 0.0 3.0 0.0
574.0015494077062 0.0 0.0 0.0 1.0 0.0 0.0 3.0 0.0
575.0043484296523 0.0 0.0 0.0 1.0 0.0 0.0 3.0 0.0
576.0043484296523 0.0 0.0 0.0 1.0 0.0 0.0 3.0 0.0
577.0016458062059 0.0 0.0 0.0 1.0 0.0 0.0 3.0 0.0
578.0043484296523 0.0 0.0 0.0 1.0 0.0 0.0 3.0 0.0
579.0043484296523 0.0 0.0 0.0 1.0 0.0 0.0 3.0 0.0
580.0043484296523 0.0 0.0 0.0 1.0 0.0 0.0 3.0 0.0
581.0043484296523 0.0 0.0 0.0 1.0 0.0 0.0 3.0 0.0
582.0038440041511 0.0 0.0 0.0 1.0 0.0 0.0 3.0 0.0
583.0043484296523 0.0 0.0 0.0 1.0 0.0 0.0 3.0 0.0
584.0029600439753 0.0 0.0 0.0 1.0 0.0 0.0 3.0 0.0
585.0043484296523 0.0 0.0 0.0 1.0 0.0 0.0 3.0 0.0
586.0043484296523 0.0 0.0 0.0 1.0 0.0 0.0 3.0 0.0
587.0043484296523 0.0 0.0 0.0 1.0 0.0 0.0 3.0 0.0
588.0043484296523 0.0 0.0 0.0 1.0 0.0 0.0 3.0 0.0
589.0040017678666 0.0 0.0 0.0 1.0 0.0 0.0 3.0 0.0
590.0043484296523 0.0 0.0 0.0 1.0 0.0 0.0 3.0 0.0
591.0043484296523 0.0 0.0 0.0 1.0 0.0 0.0 3.0 0.0
592.0043484296523 0.0 0.0 0.0 1.0 0.0 0.0 3.0 0.0
593.0043484296523 0.0 0.0 0.0 1.0 0.0 0.0 3.0 0.0
594.0043484296523 0.0 0.0 0.0 1.0 0.0 0.0 3.0 0.0
595.0043484296523 0.0 0.0 0.0 1.0 0.0 0.0 3.0 0.0
596.0023108144809 0.0 0.0 0.0 1.0 0.0 0.0 3.0 0.0
597.0043484296523 0.0 0.0 0.0 1.0 0.0 0.0 3.0 0.0
598.0043484296523 0.0 0.0 0.0 1.0 0.0 0.0 3.0 0.0
599.0043484296523 0.0 0.0 0.0 1.0 0.0 0.0 3.0 0.0
600.0043484296523 0.0 0.0 0.0 1.0 0.0 0.0 3.0 0.0
601.0043484296523 0.0 0.0 0.0 1.0 0.0 0.0 3.0 0.0
602.0043484296523 0.0 0.0 0.0 1.0 0.0 0.0 3.0 0.0
603.0043484296523 0.0 0.0 0.0 1.0 0.0 0.0 3.0 0.0
604.0043484296523 0.0 0.0 0.0 1.0 0.0 0.0 3.0 0.0
605.0043484296523 0.0 0.0 0.0 1.0 0.0 0.0 3.0 0.0
606.0043484296523 0.0 0.0 0.0 1.0 0.0 0.0 3.0 0.0
607.0043484296523 0.0 0.0 0.0 1.0 0.0 0.0 3.0 0.0
608.0043484296523 0.0 0.0 0.0 1.0 0.0 0.0 3.0 0.0
609.0043484296523 0.0 0.0 0.0 1.0 0.0 0.0 3.0 0.0
610.0043484296523 0.0 0.0 0.0 1.0 0.0 0.0 3.0 0.0
611.0043484296523 0.0 0.0 0.0 1.0 0.0 0.0 3.0 0.0
612.0043484296523 0.0 0.0 0.0 1.0 0.0 0.0 3.0 0.0
613.0043484296523 0.0 0.0 0.0 1.0 0.0 0.0 3.0 0.0
614.0043484296523 0.0 0.0 0.0 1.0 0.0 0.0 3.0 0.0
615.0043484296523 0.0 0.0 0.0 1.0 0.0 0.0 3.0 0.0
616.0043484296523 0.0 0.0 0.0 1.0 0.0 0.0 3.0 0.0
617.0043484296523 0.0 0.0 0.0 1.0 0.0 0.0 3.0 0.0
618.0043484296523 0.0 0.0 0.0 1.0 0.0 0.0 3.0 0.0
619.0012654332933 0.0 0.0 0.0 1.0 0.0 0.0 3.0 0.0
620.0043484296523 0.0 0.0 0.0 1.0 0.0 0.0 3.0 0.0
621.0038564492529 0.0 0.0 0.0 1.0 0.0 0.0 3.0 0.0
622.0015655215266 0.0 0.0 0.0 1.0 0.0 0.0 3.0 0.0
623.0043484296523 0.0 0.0 0.0 1.0 0.0 0.0 3.0 0.0
624.0043484296523 0.0 0.0 0.0 1.0 0.0 0.0 3.0 0.0
625.0026552833531 0.0 0.0 0.0 1.0 0.0 0.0 3.0 0.0
626.0043484296523 0.0 0.0 0.0 1.0 0.0 0.0 3.0 0.0
627.0043484296523 0.0 0.0 0.0 1.0 0.0 0.0 3.0 0.0
628.001861758013 0.0 0.0 0.0 1.0 0.0 0.0 3.0 0.0
629.0043484296523 0.0 0.0 0.0 1.0 0.0 0.0 3.0 0.0
630.0043484296523 0.0 0.0 0.0 1.0 0.0 0.0 3.0 0.0
631.0043484296523 0.0 0.0 0.0 1.0 0.0 0.0 3.0 0.0
632.0043484296523 0.0 0.0 0.0 1.0 0.0 0.0 3.0 0.0
633.0043484296523 0.0 0.0 0.0 1.0 0.0 0.0 3.0 0.0
634.0006280147147 0.0 0.0 0.0 1.0 0.0 0.0 3.0 0.0
635.0016259639345 0.0 0.0 0.0 1.0 0.0 0.0 3.0 0.0
636.0043484296523 0.0 0.0 0.0 1.0 0.0 0.0 3.0 0.0
637.0043484296523 0.0 0.0 0.0 1.0 0.0 0.0 3.0 0.0
638.0011973304796 0.0 0.0 0.0 1.0 0.0 0.0 3.0 0.0
639.0043484296523 0.0 0.0 0.0 1.0 0.0 0.0 3.0 0.0
640.0043484296523 0.0 0.0 0.0 1.0 0.0 0.0 3.0 0.0
641.0043484296523 0.0 0.0 0.0 1.0 0.0 0.0 3.0 0.0
642.0043484296523 0.0 0.0 0.0 1.0 0.0 0.0 3.0 0.0
643.0043484296523 0.0 0.0 0.0 1.0 0.0 0.0 3.0 0.0
644.0043484296523 0.0 0.0 0.0 1.0 0.0 0.0 3.0 0.0
645.0043484296523 0.0 0.0 0.0 1.0 0.0 0.0 3.0 0.0
646.0043484296523 0.0 0.0 0.0 1.0 0.0 0.0 3.0 0.0
647.0020972997319 0.0 0.0 0.0 1.0 0.0 0.0 3.0 0.0
648.0024510995999 0.0 0.0 0.0 1.0 0.0 0.0 3.0 0.0
649.0008192506112 0.0 0.0 0.0 1.0 0.0 0.0 3.0 0.0
650.0026549866552 0.0 0.0 0.0 1.0 0.0 0.0 3.0 0.0
651.0043484296523 0.0 0.0 0.0 1.0 0.0 0.0 3.0 0.0
652.0022446460131 0.0 0.0 0.0 1.0 0.0 0.0 3.0 0.0
653.0043484296523 0.0 0.0 0.0 1.0 0.0 0.0 3.0 0.0
654.0043484296523 0.0 0.0 0.0 1.0 0.0 0.0 3.0 0.0
655.0043484296523 0.0 0.0 0.0 1.0 0.0 0.0 3.0 0.0
656.0043484296523 0.0 0.0 0.0 1.0 0.0 0.0 3.0 0.0
657.0043484296523 0.0 0.0 0.0 1.0 0.0 0.0 3.0 0.0
658.0041387110087 0.0 0.0 0.0 1.0 0.0 0.0 3.0 0.0
659.0005128325023 0.0 0.0 0.0 1.0 0.0 0.0 3.0 0.0
660.0043484296523 0.0 0.0 0.0 1.0 0.0 0.0 3.0 0.0
661.0043484296523 0.0 0.0 0.0 1.0 0.0 0.0 3.0 0.0
662.0043484296523 0.0 0.0 0.0 1.0 0.0 0.0 3.0 0.0
663.0021412611956 0.0 0.0 0.0 1.0 0.0 0.0 3.0 0.0
664.0014452857173 0.0 0.0 0.0 1.0 0.0 0.0 3.0 0.0
665.0010706635171 0.0 0.0 0.0 1.0 0.0 0.0 3.0 0.0
666.0020234949842 0.0 0.0 0.0 1.0 0.0 0.0 3.0 0.0
667.0043484296523 0.0 0.0 0.0 1.0 0.0 0.0 3.0 0.0
668.0043484296523 0.0 0.0 0.0 1.0 0.0 0.0 3.0 0.0
669.0043484296523 0.0 0.0 0.0 1.0 0.0 0.0 3.0 0.0
670.0043484296523 0.0 0.0 0.0 1.0 0.0 0.0 3.0 0.0
671.0043484296523 0.0 0.0 0.0 1.0 0.0 0.0 3.0 0.0
672.0026188457012 0.0 0.0 0.0 1.0 0.0 0.0 3.0 0.0
673.0043484296523 0.0 0.0 0.0 1.0 0.0 0.0 3.0 0.0
674.0043484296523 0.0 0.0 0.0 1.0 0.0 0.0 3.0 0.0
675.0043484296523 0.0 0.0 0.0 1.0 0.0 0.0 3.0 0.0
676.0043484296523 0.0 0.0 0.0 1.0 0.0 0.0 3.0 0.0
677.0043484296523 0.0 0.0 0.0 1.0 0.0 0.0 3.0 0.0
678.0043484296523 0.0 0.0 0.0 1.0 0.0 0.0 3.0 0.0
679.0007416669994 0.0 0.0 0.0 1.0 0.0 0.0 3.0 0.0
680.0043484296523 0.0 0.0 0.0 1.0 0.0 0.0 3.0 0.0
681.0043484296523 0.0 0.0 0.0 1.0 0.0 0.0 3.0 0.0
682.0005739376177 0.0 0.0 0.0 1.0 0.0 0.0 3.0 0.0
683.0043484296523 0.0 0.0 0.0 1.0 0.0 0.0 3.0 0.0
684.0043484296523 0.0 0.0 0.0 1.0 0.0 0.0 3.0 0.0
685.0043484296523 0.0 0.0 0.0 1.0 0.0 0.0 3.0 0.0
686.0043484296523 0.0 0.0 0.0 1.0 0.0 0.0 3.0 0.0
687.0043484296523 0.0 0.0 0.0 1.0 0.0 0.0 3.0 0.0
688.0043484296523 0.0 0.0 0.0 1.0 0.0 0.0 3.0 0.0
689.0043484296523 0.0 0.0 0.0 1.0 0.0 0.0 3.0 0.0
690.0002388144674 0.0 0.0 0.0 1.0 0.0 0.0 3.0 0.0
691.0043484296523 0.0 0.0 0.0 1.0 0.0 0.0 3.0 0.0
692.00109551483 0.0 0.0 0.0 1.0 0.0 0.0 3.0 0.0
693.0043484296523 0.0 0.0 0.0 1.0 0.0 0.0 3.0 0.0
694.0043484296523 0.0 0.0 0.0 1.0 0.0 0.0 3.0 0.0
695.0043484296523 0.0 0.0 0.0 1.0 0.0 0.0 3.0 0.0
696.0043484296523 0.0 0.0 0.0 1.0 0.0 0.0 3.0 0.0
697.0043484296523 0.0 0.0 0.0 1.0 0.0 0.0 3.0 0.0
698.0043484296523 0.0 0.0 0.0 1.0 0.0 0.0 3.0 0.0
699.0043484296523 0.0 0.0 0.0 1.0 0.0 0.0 3.0 0.0
700.0043484296523 0.0 0.0 0.0 1.0 0.0 0.0 3.0 0.0
701.0032155693182 0.0 0.0 0.0 1.0 0.0 0.0 3.0 0.0
702.0043484296523 0.0 0.0 0.0 1.0 0.0 0.0 3.0 0.0
703.0043484296523 0.0 0.0 0.0 1.0 0.0 0.0 3.0 0.0
704.0043484296523 0.0 0.0 0.0 1.0 0.0 0.0 3.0 0.0
705.0043484296523 0.0 0.0 0.0 1.0 0.0 0.0 3.0 0.0
706.0043484296523 0.0 0.0 0.0 1.0 0.0 0.0 3.0 0.0
707.0031630584657 0.0 0.0 0.0 1.0 0.0 0.0 3.0 0.0
708.0043484296523 0.0 0.0 0.0 1.0 0.0 0.0 3.0 0.0
709.0009439699174 0.0 0.0 0.0 1.0 0.0 0.0 3.0 0.0
710.0043484296523 0.0 0.0 0.0 1.0 0.0 0.0 3.0 0.0
711.0015107661246 0.0 0.0 0.0 1.0 0.0 0.0 3.0 0.0
712.0043484296523 0.0 0.0 0.0 1.0 0.0 0.0 3.0 0.0
713.0001791320556 0.0 0.0 0.0 1.0 0.0 0.0 3.0 0.0
714.0043484296523 0.0 0.0 0.0 1.0 0.0 0.0 3.0 0.0
715.0016774087471 0.0 0.0 0.0 1.0 0.0 0.0 3.0 0.0
716.0023659547347 0.0 0.0 0.0 1.0 0.0 0.0 3.0 0.0
717.0043484296523 0.0 0.0 0.0 1.0 0.0 0.0 3.0 0.0
718.0004549907093 0.0 0.0 0.0 1.0 0.0 0.0 3.0 0.0
719.0034054864402 0.0 0.0 0.0 1.0 0.0 0.0 3.0 0.0
720.0043484296523 0.0 0.0 0.0 1.0 0.0 0.0 3.0 0.0
721.0020933104628 0.0 0.0 0.0 1.0 0.0 0.0 3.0 0.0
722.0043484296523 0.0 0.0 0.0 1.0 0.0 0.0 3.0 0.0
723.0043484296523 0.0 0.0 0.0 1.0 0.0 0.0 3.0 0.0
724.0038959369784 0.0 0.0 0.0 1.0 0.0 0.0 3.0 0.0
725.0043484296523 0.0 0.0 0.0 1.0 0.0 0.0 3.0 0.0
726.0043484296523 0.0 0.0 0.0 1.0 0.0 0.0 3.0 0.0
727.0043484296523 0.0 0.0 0.0 1.0 0.0 0.0 3.0 0.0
728.0043484296523 0.0 0.0 0.0 1.0 0.0 0.0 3.0 0.0
729.0043484296523 0.0 0.0 0.0 1.0 0.0 0.0 3.0 0.0
730.0040997971894 0.0 0.0 0.0 1.0 0.0 0.0 3.0 0.0
731.0004738016296 0.0 0.0 0.0 1.0 0.0 0.0 3.0 0.0
732.0043484296523 0.0 0.0 0.0 1.0 0.0 0.0 3.0 0.0
733.0014416309735 0.0 0.0 0.0 1.0 0.0 0.0 3.0 0.0
734.0019989038905 0.0 0.0 0.0 1.0 0.0 0.0 3.0 0.0
735.0043484296523 0.0 0.0 0.0 1.0 0.0 0.0 3.0 0.0
736.0043484296523 0.0 0.0 0.0 1.0 0.0 0.0 3.0 0.0
737.0043484296523 0.0 0.0 0.0 1.0 0.0 0.0 3.0 0.0
738.0043484296523 0.0 0.0 0.0 1.0 0.0 0.0 3.0 0.0
739.0043484296523 0.0 0.0 0.0 1.0 0.0 0.0 3.0 0.0
740.0018469852135 0.0 0.0 0.0 1.0 0.0 0.0 3.0 0.0
741.0043484296523 0.0 0.0 0.0 1.0 0.0 0.0 3.0 0.0
742.0043484296523 0.0 0.0 0.0 1.0 0.0 0.0 3.0 0.0
743.0043484296523 0.0 0.0 0.0 1.0 0.0 0.0 3.0 0.0
744.0043484296523 0.0 0.0 0.0 1.0 0.0 0.0 3.0 0.0
745.0043484296523 0.0 0.0 0.0 1.0 0.0 0.0 3.0 0.0
746.0043484296523 0.0 0.0 0.0 1.0 0.0 0.0 3.0 0.0
747.0043484296523 0.0 0.0 0.0 1.0 0.0 0.0 3.0 0.0
748.0043484296523 0.0 0.0 0.0 1.0 0.0 0.0 3.0 0.0
749.0043484296523 0.0 0.0 0.0 1.0 0.0 0.0 3.0 0.0
750.0043484296523 0.0 0.0 0.0 1.0 0.0 0.0 3.0 0.0
751.0043484296523 0.0 0.0 0.0 1.0 0.0 0.0 3.0 0.0
752.0022377494014 0.0 0.0 0.0 1.0 0.0 0.0 3.0 0.0
753.0004875319354 0.0 0.0 0.0 1.0 0.0 0.0 3.0 0.0
754.0035160888144 0.0 0.0 0.0 1.0 0.0 0.0 3.0 0.0
755.0043484296523 0.0 0.0 0.0 1.0 0.0 0.0 3.0 0.0
756.0043484296523 0.0 0.0 0.0 1.0 0.0 0.0 3.0 0.0
757.0043484296523 0.0 0.0 0.0 1.0 0.0 0.0 3.0 0.0
758.0043484296523 0.0 0.0 0.0 1.0 0.0 0.0 3.0 0.0
759.0043484296523 0.0 0.0 0.0 1.0 0.0 0.0 3.0 0.0
760.002974692792 0.0 0.0 0.0 1.0 0.0 0.0 3.0 0.0
761.0043484296523 0.0 0.0 0.0 1.0 0.0 0.0 3.0 0.0
762.0011039282797 0.0 0.0 0.0 1.0 0.0 0.0 3.0 0.0
763.0017952460698 0.0 0.0 0.0 1.0 0.0 0.0 3.0 0.0
764.0043484296523 0.0 0.0 0.0 1.0 0.0 0.0 3.0 0.0
765.0043484296523 0.0 0.0 0.0 1.0 0.0 0.0 3.0 0.0
766.0043484296523 0.0 0.0 0.0 1.0 0.0 0.0 3.0 0.0
767.0023164148847 0.0 0.0 0.0 1.0 0.0 0.0 3.0 0.0
768.0043484296523 0.0 0.0 0.0 1.0 0.0 0.0 3.0 0.0
769.0043484296523 0.0 0.0 0.0 1.0 0.0 0.0 3.0 0.0
770.0043484296523 0.0 0.0 0.0 1.0 0.0 0.0 3.0 0.0
771.0020936904451 0.0 0.0 0.0 1.0 0.0 0.0 3.0 0.0
772.0043484296523 0.0 0.0 0.0 1.0 0.0 0.0 3.0 0.0
773.0043484296523 0.0 0.0 0.0 1.0 0.0 0.0 3.0 0.0
774.0016967501751 0.0 0.0 0.0 1.0 0.0 0.0 3.0 0.0
775.0021921123583 0.0 0.0 0.0 1.0 0.0 0.0 3.0 0.0
776.0043484296523 0.0 0.0 0.0 1.0 0.0 0.0 3.0 0.0
777.0015972681516 0.0 0.0 0.0 1.0 0.0 0.0 3.0 0.0
778.0043484296523 0.0 0.0 0.0 1.0 0.0 0.0 3.0 0.0
779.0004882017483 0.0 0.0 0.0 1.0 0.0 0.0 3.0 0.0
780.0043484296523 0.0 0.0 0.0 1.0 0.0 0.0 3.0 0.0
781.0043484296523 0.0 0.0 0.0 1.0 0.0 0.0 3.0 0.0
782.003397005233 0.0 0.0 0.0 1.0 0.0 0.0 3.0 0.0
783.0043484296523 0.0 0.0 0.0 1.0 0.0 0.0 3.0 0.0
784.0043484296523 0.0 0.0 0.0 1.0 0.0 0.0 3.0 0.0
785.0043484296523 0.0 0.0 0.0 1.0 0.0 0.0 3.0 0.0
786.000366578979 0.0 0.0 0.0 1.0 0.0 0.0 3.0 0.0
787.0043484296523 0.0 0.0 0.0 1.0 0.0 0.0 3.0 0.0
788.0043484296523 0.0 0.0 0.0 1.0 0.0 0.0 3.0 0.0
789.0043484296523 0.0 0.0 0.0 1.0 0.0 0.0 3.0 0.0
790.0043484296523 0.0 0.0 0.0 1.0 0.0 0.0 3.0 0.0
791.0043484296523 0.0 0.0 0.0 1.0 0.0 0.0 3.0 0.0
792.0010027133154 0.0 0.0 0.0 1.0 0.0 0.0 3.0 0.0
793.0033968360287 0.0 0.0 0.0 1.0 0.0 0.0 3.0 0.0
794.0043484296523 0.0 0.0 0.0 1.0 0.0 0.0 3.0 0.0
795.0013325362117 0.0 0.0 0.0 1.0 0.0 0.0 3.0 0.0
796.0043484296523 0.0 0.0 0.0 1.0 0.0 0.0 3.0 0.0
797.0043484296523 0.0 0.0 0.0 1.0 0.0 0.0 3.0 0.0
798.0013672791403 0.0 0.0 0.0 1.0 0.0 0.0 3.0 0.0
799.0043484296523 0.0 0.0 0.0 1.0 0.0 0.0 3.0 0.0
800.0006672035627 0.0 0.0 0.0 1.0 0.0 0.0 3.0 0.0
801.0043484296523 0.0 0.0 0.0 1.0 0.0 0.0 3.0 0.0
802.0043484296523 0.0 0.0 0.0 1.0 0.0 0.0 3.0 0.0
803.0036635537167 0.0 0.0 0.0 1.0 0.0 0.0 3.0 0.0
804.0043484296523 0.0 0.0 0.0 1.0 0.0 0.0 3.0 0.0
805.0043484296523 0.0 0.0 0.0 1.0 0.0 0.0 3.0 0.0
806.0043484296523 0.0 0.0 0.0 1.0 0.0 0.0 3.0 0.0
807.0043484296523 0.0 0.0 0.0 1.0 0.0 0.0 3.0 0.0
808.0043484296523 0.0 0.0 0.0 1.0 0.0 0.0 3.0 0.0
809.0043484296523 0.0 0.0 0.0 1.0 0.0 0.0 3.0 0.0
810.0043484296523 0.0 0.0 0.0 1.0 0.0 0.0 3.0 0.0
811.0043484296523 0.0 0.0 0.0 1.0 0.0 0.0 3.0 0.0
812.0043484296523 0.0 0.0 0.0 1.0 0.0 0.0 3.0 0.0
813.0043484296523 0.0 0.0 0.0 1.0 0.0 0.0 3.0 0.0
814.0043484296523 0.0 0.0 0.0 1.0 0.0 0.0 3.0 0.0
815.0043484296523 0.0 0.0 0.0 1.0 0.0 0.0 3.0 0.0
816.0043484296523 0.0 0.0 0.0 1.0 0.0 0.0 3.0 0.0
817.0043484296523 0.0 0.0 0.0 1.0 0.0 0.0 3.0 0.0
818.0043484296523 0.0 0.0 0.0 1.0 0.0 0.0 3.0 0.0
819.0007831772061 0.0 0.0 0.0 1.0 0.0 0.0 3.0 0.0
820.0043484296523 0.0 0.0 0.0 1.0 0.0 0.0 3.0 0.0
821.0006431550277 0.0 0.0 0.0 1.0 0.0 0.0 3.0 0.0
822.0043484296523 0.0 0.0 0.0 1.0 0.0 0.0 3.0 0.0
823.0043484296523 0.0 0.0 0.0 1.0 0.0 0.0 3.0 0.0
824.0042043602655 0.0 0.0 0.0 1.0 0.0 0.0 3.0 0.0
825.0008513242208 0.0 0.0 0.0 1.0 0.0 0.0 3.0 0.0
826.0043484296523 0.0 0.0 0.0 1.0 0.0 0.0 3.0 0.0
827.0043484296523 0.0 0.0 0.0 1.0 0.0 0.0 3.0 0.0
828.0043484296523 0.0 0.0 0.0 1.0 0.0 0.0 3.0 0.0
829.0043484296523 0.0 0.0 0.0 1.0 0.0 0.0 3.0 0.0
830.0011111132467 0.0 0.0 0.0 1.0 0.0 0.0 3.0 0.0
831.0027376523211 0.0 0.0 0.0 1.0 0.0 0.0 3.0 0.0
832.0009127976058 0.0 0.0 0.0 1.0 0.0 0.0 3.0 0.0
833.0043484296523 0.0 0.0 0.0 1.0 0.0 0.0 3.0 0.0
834.0043484296523 0.0 0.0 0.0 1.0 0.0 0.0 3.0 0.0
835.0036988032491 0.0 0.0 0.0 1.0 0.0 0.0 3.0 0.0
836.0043484296523 0.0 0.0 0.0 1.0 0.0 0.0 3.0 0.0
837.0043484296523 0.0 0.0 0.0 1.0 0.0 0.0 3.0 0.0
838.0043484296523 0.0 0.0 0.0 1.0 0.0 0.0 3.0 0.0
839.0043484296523 0.0 0.0 0.0 1.0 0.0 0.0 3.0 0.0
840.0043484296523 0.0 0.0 0.0 1.0 0.0 0.0 3.0 0.0
841.0022894639044 0.0 0.0 0.0 1.0 0.0 0.0 3.0 0.0
842.0043484296523 0.0 0.0 0.0 1.0 0.0 0.0 3.0 0.0
843.0043484296523 0.0 0.0 0.0 1.0 0.0 0.0 3.0 0.0
844.0043484296523 0.0 0.0 0.0 1.0 0.0 0.0 3.0 0.0
845.0043484296523 0.0 0.0 0.0 1.0 0.0 0.0 3.0 0.0
846.0043484296523 0.0 0.0 0.0 1.0 0.0 0.0 3.0 0.0
847.0043484296523 0.0 0.0 0.0 1.0 0.0 0.0 3.0 0.0
848.0043484296523 0.0 0.0 0.0 1.0 0.0 0.0 3.0 0.0
849.0037356333621 0.0 0.0 0.0 1.0 0.0 0.0 3.0 0.0
850.0043484296523 0.0 0.0 0.0 1.0 0.0 0.0 3.0 0.0
851.0043484296523 0.0 0.0 0.0 1.0 0.0 0.0 3.0 0.0
852.0043484296523 0.0 0.0 0.0 1.0 0.0 0.0 3.0 0.0
853.0043484296523 0.0 0.0 0.0 1.0 0.0 0.0 3.0 0.0
854.0032889356704 0.0 0.0 0.0 1.0 0.0 0.0 3.0 0.0
855.0043484296523 0.0 0.0 0.0 1.0 0.0 0.0 3.0 0.0
856.0043484296523 0.0 0.0 0.0 1.0 0.0 0.0 3.0 0.0
857.0021828293584 0.0 0.0 0.0 1.0 0.0 0.0 3.0 0.0
858.0043484296523 0.0 0.0 0.0 1.0 0.0 0.0 3.0 0.0
859.0043484296523 0.0 0.0 0.0 1.0 0.0 0.0 3.0 0.0
860.0043484296523 0.0 0.0 0.0 1.0 0.0 0.0 3.0 0.0
861.0043484296523 0.0 0.0 0.0 1.0 0.0 0.0 3.0 0.0
862.0043484296523 0.0 0.0 0.0 1.0 0.0 0.0 3.0 0.0
863.0043484296523 0.0 0.0 0.0 1.0 0.0 0.0 3.0 0.0
864.0015055940237 0.0 0.0 0.0 1.0 0.0 0.0 3.0 0.0
865.0021472481358 0.0 0.0 0.0 1.0 0.0 0.0 3.0 0.0
866.0002429018858 0.0 0.0 0.0 1.0 0.0 0.0 3.0 0.0
867.0043484296523 0.0 0.0 0.0 1.0 0.0 0.0 3.0 0.0
868.0043484296523 0.0 0.0 0.0 1.0 0.0 0.0 3.0 0.0
869.0043484296523 0.0 0.0 0.0 1.0 0.0 0.0 3.0 0.0
870.0033812525002 0.0 0.0 0.0 1.0 0.0 0.0 3.0 0.0
871.0035728308186 0.0 0.0 0.0 1.0 0.0 0.0 3.0 0.0
872.0043484296523 0.0 0.0 0.0 1.0 0.0 0.0 3.0 0.0
873.0043484296523 0.0 0.0 0.0 1.0 0.0 0.0 3.0 0.0
874.0043484296523 0.0 0.0 0.0 1.0 0.0 0.0 3.0 0.0
875.0043484296523 0.0 0.0 0.0 1.0 0.0 0.0 3.0 0.0
876.0043484296523 0.0 0.0 0.0 1.0 0.0 0.0 3.0 0.0
877.0000216213592 0.0 0.0 0.0 1.0 0.0 0.0 3.0 0.0
878.0043484296523 0.0 0.0 0.0 1.0 0.0 0.0 3.0 0.0
879.0043484296523 0.0 0.0 0.0 1.0 0.0 0.0 3.0 0.0
880.0043484296523 0.0 0.0 0.0 1.0 0.0 0.0 3.0 0.0
881.0043484296523 0.0 0.0 0.0 1.0 0.0 0.0 3.0 0.0
882.0021941952484 0.0 0.0 0.0 1.0 0.0 0.0 3.0 0.0
883.0043484296523 0.0 0.0 0.0 1.0 0.0 0.0 3.0 0.0
884.0043484296523 0.0 0.0 0.0 1.0 0.0 0.0 3.0 0.0
885.0018700664822 0.0 0.0 0.0 1.0 0.0 0.0 3.0 0.0
886.0043484296523 0.0 0.0 0.0 1.0 0.0 0.0 3.0 0.0
887.0043484296523 0.0 0.0 0.0 1.0 0.0 0.0 3.0 0.0
888.0043484296523 0.0 0.0 0.0 1.0 0.0 0.0 3.0 0.0
889.0043484296523 0.0 0.0 0.0 1.0 0.0 0.0 3.0 0.0
890.0021148583795 0.0 0.0 0.0 1.0 0.0 0.0 3.0 0.0
891.0043484296523 0.0 0.0 0.0 1.0 0.0 0.0 3.0 0.0
892.0043484296523 0.0 0.0 0.0 1.0 0.0 0.0 3.0 0.0
893.0043484296523 0.0 0.0 0.0 1.0 0.0 0.0 3.0 0.0
894.0043484296523 0.0 0.0 0.0 1.0 0.0 0.0 3.0 0.0
895.0043484296523 0.0 0.0 0.0 1.0 0.0 0.0 3.0 0.0
896.0043484296523 0.0 0.0 0.0 1.0 0.0 0.0 3.0 0.0
897.0043484296523 0.0 0.0 0.0 1.0 0.0 0.0 3.0 0.0
898.0043484296523 0.0 0.0 0.0 1.0 0.0 0.0 3.0 0.0
899.0043484296523 0.0 0.0 0.0 1.0 0.0 0.0 3.0 0.0
900.0009793957726 0.0 0.0 0.0 1.0 0.0 0.0 3.0 0.0
901.0043484296523 0.0 0.0 0.0 1.0 0.0 0.0 3.0 0.0
902.0043484296523 0.0 0.0 0.0 1.0 0.0 0.0 3.0 0.0
903.0043484296523 0.0 0.0 0.0 1.0 0.0 0.0 3.0 0.0
904.0033322573056 0.0 0.0 0.0 1.0 0.0 0.0 3.0 0.0
905.0043484296523 0.0 0.0 0.0 1.0 0.0 0.0 3.0 0.0
906.0043484296523 0.0 0.0 0.0 1.0 0.0 0.0 3.0 0.0
907.0043484296523 0.0 0.0 0.0 1.0 0.0 0.0 3.0 0.0
908.0040699232231 0.0 0.0 0.0 1.0 0.0 0.0 3.0 0.0
909.0043484296523 0.0 0.0 0.0 1.0 0.0 0.0 3.0 0.0
910.0043484296523 0.0 0.0 0.0 1.0 0.0 0.0 3.0 0.0
911.002703403432 0.0 0.0 0.0 1.0 0.0 0.0 3.0 0.0
912.0043484296523 0.0 0.0 0.0 1.0 0.0 0.0 3.0 0.0
913.0043484296523 0.0 0.0 0.0 1.0 0.0 0.0 3.0 0.0
914.0033197206933 0.0 0.0 0.0 1.0 0.0 0.0 3.0 0.0
915.0043484296523 0.0 0.0 0.0 1.0 0.0 0.0 3.0 0.0
916.0043484296523 0.0 0.0 0.0 1.0 0.0 0.0 3.0 0.0
917.0021684749744 0.0 0.0 0.0 1.0 0.0 0.0 3.0 0.0
918.0043484296523 0.0 0.0 0.0 1.0 0.0 0.0 3.0 0.0
919.0043484296523 0.0 0.0 0.0 1.0 0.0 0.0 3.0 0.0
920.0019413006953 0.0 0.0 0.0 1.0 0.0 0.0 3.0 0.0
921.0043484296523 0.0 0.0 0.0 1.0 0.0 0.0 3.0 0.0
922.0043484296523 0.0 0.0 0.0 1.0 0.0 0.0 3.0 0.0
923.0043484296523 0.0 0.0 0.0 1.0 0.0 0.0 3.0 0.0
924.0043484296523 0.0 0.0 0.0 1.0 0.0 0.0 3.0 0.0
925.0043484296523 0.0 0.0 0.0 1.0 0.0 0.0 3.0 0.0
926.0043484296523 0.0 0.0 0.0 1.0 0.0 0.0 3.0 0.0
927.0043484296523 0.0 0.0 0.0 1.0 0.0 0.0 3.0 0.0
928.0043484296523 0.0 0.0 0.0 1.0 0.0 0.0 3.0 0.0
929.0017621871684 0.0 0.0 0.0 1.0 0.0 0.0 3.0 0.0
930.0043484296523 0.0 0.0 0.0 1.0 0.0 0.0 3.0 0.0
931.0043484296523 0.0 0.0 0.0 1.0 0.0 0.0 3.0 0.0
932.0016591751382 0.0 0.0 0.0 1.0 0.0 0.0 3.0 0.0
933.0018744608018 0.0 0.0 0.0 1.0 0.0 0.0 3.0 0.0
934.0043484296523 0.0 0.0 0.0 1.0 0.0 0.0 3.0 0.0
935.0043484296523 0.0 0.0 0.0 1.0 0.0 0.0 3.0 0.0
936.0043484296523 0.0 0.0 0.0 1.0 0.0 0.0 3.0 0.0
937.0009554191469 0.0 0.0 0.0 1.0 0.0 0.0 3.0 0.0
938.0043484296523 0.0 0.0 0.0 1.0 0.0 0.0 3.0 0.0
939.0043484296523 0.0 0.0 0.0 1.0 0.0 0.0 3.0 0.0
940.0028707944659 0.0 0.0 0.0 1.0 0.0 0.0 3.0 0.0
941.0043484296523 0.0 0.0 0.0 1.0 0.0 0.0 3.0 0.0
942.0043484296523 0.0 0.0 0.0 1.0 0.0 0.0 3.0 0.0
943.0043484296523 0.0 0.0 0.0 1.0 0.0 0.0 3.0 0.0
944.0043484296523 0.0 0.0 0.0 1.0 0.0 0.0 3.0 0.0
945.0043484296523 0.0 0.0 0.0 1.0 0.0 0.0 3.0 0.0
946.0043484296523 0.0 0.0 0.0 1.0 0.0 0.0 3.0 0.0
947.0003008176002 0.0 0.0 0.0 1.0 0.0 0.0 3.0 0.0
948.0043484296523 0.0 0.0 0.0 1.0 0.0 0.0 3.0 0.0
949.0043484296523 0.0 0.0 0.0 1.0 0.0 0.0 3.0 0.0
950.0043484296523 0.0 0.0 0.0 1.0 0.0 0.0 3.0 0.0
951.0043484296523 0.0 0.0 0.0 1.0 0.0 0.0 3.0 0.0
952.0031237485841 0.0 0.0 0.0 1.0 0.0 0.0 3.0 0.0
953.0043484296523 0.0 0.0 0.0 1.0 0.0 0.0 3.0 0.0
954.0043484296523 0.0 0.0 0.0 1.0 0.0 0.0 3.0 0.0
955.0043484296523 0.0 0.0 0.0 1.0 0.0 0.0 3.0 0.0
956.0043484296523 0.0 0.0 0.0 1.0 0.0 0.0 3.0 0.0
957.0043484296523 0.0 0.0 0.0 1.0 0.0 0.0 3.0 0.0
958.0043484296523 0.0 0.0 0.0 1.0 0.0 0.0 3.0 0.0
959.0043484296523 0.0 0.0 0.0 1.0 0.0 0.0 3.0 0.0
960.0043484296523 0.0 0.0 0.0 1.0 0.0 0.0 3.0 0.0
961.0043484296523 0.0 0.0 0.0 1.0 0.0 0.0 3.0 0.0
962.0043484296523 0.0 0.0 0.0 1.0 0.0 0.0 3.0 0.0
963.0043484296523 0.0 0.0 0.0 1.0 0.0 0.0 3.0 0.0
964.0043484296523 0.0 0.0 0.0 1.0 0.0 0.0 3.0 0.0
965.0043484296523 0.0 0.0 0.0 1.0 0.0 0.0 3.0 0.0
966.0043484296523 0.0 0.0 0.0 1.0 0.0 0.0 3.0 0.0
967.0043484296523 0.0 0.0 0.0 1.0 0.0 0.0 3.0 0.0
968.0043484296523 0.0 0.0 0.0 1.0 0.0 0.0 3.0 0.0
969.002097945981 0.0 0.0 0.0 1.0 0.0 0.0 3.0 0.0
970.0043484296523 0.0 0.0 0.0 1.0 0.0 0.0 3.0 0.0
971.0043484296523 0.0 0.0 0.0 1.0 0.0 0.0 3.0 0.0
972.0002550453661 0.0 0.0 0.0 1.0 0.0 0.0 3.0 0.0
973.0031880242012 0.0 0.0 0.0 1.0 0.0 0.0 3.0 0.0
974.0043484296523 0.0 0.0 0.0 1.0 0.0 0.0 3.0 0.0
975.0043484296523 0.0 0.0 0.0 1.0 0.0 0.0 3.0 0.0
976.0008384773844 0.0 0.0 0.0 1.0 0.0 0.0 3.0 0.0
977.0043484296523 0.0 0.0 0.0 1.0 0.0 0.0 3.0 0.0
978.0043484296523 0.0 0.0 0.0 1.0 0.0 0.0 3.0 0.0
979.0043484296523 0.0 0.0 0.0 1.0 0.0 0.0 3.0 0.0
980.0043484296523 0.0 0.0 0.0 1.0 0.0 0.0 3.0 0.0
981.0043484296523 0.0 0.0 0.0 1.0 0.0 0.0 3.0 0.0
982.0043484296523 0.0 0.0 0.0 1.0 0.0 0.0 3.0 0.0
983.0033160531893 0.0 0.0 0.0 1.0 0.0 0.0 3.0 0.0
984.0043484296523 0.0 0.0 0.0 1.0 0.0 0.0 3.0 0.0
985.0043484296523 0.0 0.0 0.0 1.0 0.0 0.0 3.0 0.0
986.0043484296523 0.0 0.0 0.0 1.0 0.0 0.0 3.0 0.0
987.0043484296523 0.0 0.0 0.0 1.0 0.0 0.0 3.0 0.0
988.0006005959564 0.0 0.0 0.0 1.0 0.0 0.0 3.0 0.0
989.0021089419882 0.0 0.0 0.0 1.0 0.0 0.0 3.0 0.0
990.0003008741999 0.0 0.0 0.0 1.0 0.0 0.0 3.0 0.0
991.0043484296523 0.0 0.0 0.0 1.0 0.0 0.0 3.0 0.0
992.0043332785004 0.0 0.0 0.0 1.0 0.0 0.0 3.0 0.0
993.0043484296523 0.0 0.0 0.0 1.0 0.0 0.0 3.0 0.0
994.0043484296523 0.0 0.0 0.0 1.0 0.0 0.0 3.0 0.0
995.0043484296523 0.0 0.0 0.0 1.0 0.0 0.0 3.0 0.0
996.0043484296523 0.0 0.0 0.0 1.0 0.0 0.0 3.0 0.0
997.0043484296523 0.0 0.0 0.0 1.0 0.0 0.0 3.0 0.0
998.0020047385193 0.0 0.0 0.0 1.0 0.0 0.0 3.0 0.0
999.0043484296523 0.0 0.0 0.0 1.0 0.0 0.0 3.0 0.0
1000.0014481630368 0.0 0.0 0.0 1.0 0.0 0.0 3.0 0.0
1001.0043484296523 0.0 0.0 0.0 1.0 0.0 0.0 3.0 0.0
1002.0043484296523 0.0 0.0 0.0 1.0 0.0 0.0 3.0 0.0
1003.0043484296523 0.0 0.0 0.0 1.0 0.0 0.0 3.0 0.0
1004.0043484296523 0.0 0.0 0.0 1.0 0.0 0.0 3.0 0.0
1005.0043484296523 0.0 0.0 0.0 1.0 0.0 0.0 3.0 0.0
1006.0043484296523 0.0 0.0 0.0 1.0 0.0 0.0 3.0 0.0
1007.0043484296523 0.0 0.0 0.0 1.0 0.0 0.0 3.0 0.0
1008.0043484296523 0.0 0.0 0.0 1.0 0.0 0.0 3.0 0.0
1009.0043484296523 0.0 0.0 0.0 1.0 0.0 0.0 3.0 0.0
1010.004277792544 0.0 0.0 0.0 1.0 0.0 0.0 3.0 0.0
1011.0027325854741 0.0 0.0 0.0 1.0 0.0 0.0 3.0 0.0
1012.0043484296523 0.0 0.0 0.0 1.0 0.0 0.0 3.0 0.0
1013.0031102183628 0.0 0.0 0.0 1.0 0.0 0.0 3.0 0.0
1014.001972501753 0.0 0.0 0.0 1.0 0.0 0.0 3.0 0.0
1015.0043484296523 0.0 0.0 0.0 1.0 0.0 0.0 3.0 0.0
1016.0020188271936 0.0 0.0 0.0 1.0 0.0 0.0 3.0 0.0
1017.0043484296523 0.0 0.0 0.0 1.0 0.0 0.0 3.0 0.0
1018.0043484296523 0.0 0.0 0.0 1.0 0.0 0.0 3.0 0.0
1019.0043484296523 0.0 0.0 0.0 1.0 0.0 0.0 3.0 0.0
1020.0043484296523 0.0 0.0 0.0 1.0 0.0 0.0 3.0 0.0
1021.0043484296523 0.0 0.0 0.0 1.0 0.0 0.0 3.0 0.0
1022.0043484296523 0.0 0.0 0.0 1.0 0.0 0.0 3.0 0.0
1023.0043484296523 0.0 0.0 0.0 1.0 0.0 0.0 3.0 0.0
1024.0042445576612 0.0 0.0 0.0 1.0 0.0 0.0 3.0 0.0
1025.0043484296523 0.0 0.0 0.0 1.0 0.0 0.0 3.0 0.0
1026.0043484296523 0.0 0.0 0.0 1.0 0.0 0.0 3.0 0.0
1027.0043484296523 0.0 0.0 0.0 1.0 0.0 0.0 3.0 0.0
1028.0043484296523 0.0 0.0 0.0 1.0 0.0 0.0 3.0 0.0
1029.0043484296523 0.0 0.0 0.0 1.0 0.0 0.0 3.0 0.0
1030.0043484296523 0.0 0.0 0.0 1.0 0.0 0.0 3.0 0.0
1031.0043484296523 0.0 0.0 0.0 1.0 0.0 0.0 3.0 0.0
1032.0043484296523 0.0 0.0 0.0 1.0 0.0 0.0 3.0 0.0
1033.0043484296523 0.0 0.0 0.0 1.0 0.0 0.0 3.0 0.0
1034.0038940995698 0.0 0.0 0.0 1.0 0.0 0.0 3.0 0.0
1035.0043484296523 0.0 0.0 0.0 1.0 0.0 0.0 3.0 0.0
1036.0043484296523 0.0 0.0 0.0 1.0 0.0 0.0 3.0 0.0
1037.0043484296523 0.0 0.0 0.0 1.0 0.0 0.0 3.0 0.0
1038.0043484296523 0.0 0.0 0.0 1.0 0.0 0.0 3.0 0.0
1039.0043484296523 0.0 0.0 0.0 1.0 0.0 0.0 3.0 0.0
1040.0043484296523 0.0 0.0 0.0 1.0 0.0 0.0 3.0 0.0
1041.0041245814737 0.0 0.0 0.0 1.0 0.0 0.0 3.0 0.0
1042.0043484296523 0.0 0.0 0.0 1.0 0.0 0.0 3.0 0.0
1043.0043484296523 0.0 0.0 0.0 1.0 0.0 0.0 3.0 0.0
1044.0043484296523 0.0 0.0 0.0 1.0 0.0 0.0 3.0 0.0
1045.0043484296523 0.0 0.0 0.0 1.0 0.0 0.0 3.0 0.0
1046.0043484296523 0.0 0.0 0.0 1.0 0.0 0.0 3.0 0.0
1047.0043484296523 0.0 0.0 0.0 1.0 0.0 0.0 3.0 0.0
1048.0043484296523 0.0 0.0 0.0 1.0 0.0 0.0 3.0 0.0
1049.0043484296523 0.0 0.0 0.0 1.0 0.0 0.0 3.0 0.0
1050.000558939175 0.0 0.0 0.0 1.0 0.0 0.0 3.0 0.0
1051.0043484296523 0.0 0.0 0.0 1.0 0.0 0.0 3.0 0.0
1052.0043484296523 0.0 0.0 0.0 1.0 0.0 0.0 3.0 0.0
1053.0030630883364 0.0 0.0 0.0 1.0 0.0 0.0 3.0 0.0
1054.002246442809 0.0 0.0 0.0 1.0 0.0 0.0 3.0 0.0
1055.0043484296523 0.0 0.0 0.0 1.0 0.0 0.0 3.0 0.0
1056.0043484296523 0.0 0.0 0.0 1.0 0.0 0.0 3.0 0.0
1057.0043484296523 0.0 0.0 0.0 1.0 0.0 0.0 3.0 0.0
1058.0023555755924 0.0 0.0 0.0 1.0 0.0 0.0 3.0 0.0
1059.0043484296523 0.0 0.0 0.0 1.0 0.0 0.0 3.0 0.0
1060.0043484296523 0.0 0.0 0.0 1.0 0.0 0.0 3.0 0.0
1061.0043484296523 0.0 0.0 0.0 1.0 0.0 0.0 3.0 0.0
1062.0043484296523 0.0 0.0 0.0 1.0 0.0 0.0 3.0 0.0
1063.0017624337056 0.0 0.0 0.0 1.0 0.0 0.0 3.0 0.0
1064.0043484296523 0.0 0.0 0.0 1.0 0.0 0.0 3.0 0.0
1065.0043484296523 0.0 0.0 0.0 1.0 0.0 0.0 3.0 0.0
1066.0022360103364 0.0 0.0 0.0 1.0 0.0 0.0 3.0 0.0
1067.0043484296523 0.0 0.0 0.0 1.0 0.0 0.0 3.0 0.0
1068.0043484296523 0.0 0.0 0.0 1.0 0.0 0.0 3.0 0.0
1069.0035006389355 0.0 0.0 0.0 1.0 0.0 0.0 3.0 0.0
1070.0043484296523 0.0 0.0 0.0 1.0 0.0 0.0 3.0 0.0
1071.0018563218619 0.0 0.0 0.0 1.0 0.0 0.0 3.0 0.0
1072.0043484296523 0.0 0.0 0.0 1.0 0.0 0.0 3.0 0.0
1073.0043484296523 0.0 0.0 0.0 1.0 0.0 0.0 3.0 0.0
1074.0043484296523 0.0 0.0 0.0 1.0 0.0 0.0 3.0 0.0
1075.0002546638134 0.0 0.0 0.0 1.0 0.0 0.0 3.0 0.0
1076.0043484296523 0.0 0.0 0.0 1.0 0.0 0.0 3.0 0.0
1077.0043484296523 0.0 0.0 0.0 1.0 0.0 0.0 3.0 0.0
1078.0043484296523 0.0 0.0 0.0 1.0 0.0 0.0 3.0 0.0
1079.001947138818 0.0 0.0 0.0 1.0 0.0 0.0 3.0 0.0
1080.0043484296523 0.0 0.0 0.0 1.0 0.0 0.0 3.0 0.0
1081.0043484296523 0.0 0.0 0.0 1.0 0.0 0.0 3.0 0.0
1082.0043484296523 0.0 0.0 0.0 1.0 0.0 0.0 3.0 0.0
1083.0043484296523 0.0 0.0 0.0 1.0 0.0 0.0 3.0 0.0
1084.0009103248558 0.0 0.0 0.0 1.0 0.0 0.0 3.0 0.0
1085.0043484296523 0.0 0.0 0.0 1.0 0.0 0.0 3.0 0.0
1086.0043484296523 0.0 0.0 0.0 1.0 0.0 0.0 3.0 0.0
1087.0043484296523 0.0 0.0 0.0 1.0 0.0 0.0 3.0 0.0
1088.0043484296523 0.0 0.0 0.0 1.0 0.0 0.0 3.0 0.0
1089.0043484296523 0.0 0.0 0.0 1.0 0.0 0.0 3.0 0.0
1090.0043484296523 0.0 0.0 0.0 1.0 0.0 0.0 3.0 0.0
1091.0043484296523 0.0 0.0 0.0 1.0 0.0 0.0 3.0 0.0
1092.0043484296523 0.0 0.0 0.0 1.0 0.0 0.0 3.0 0.0
1093.0043484296523 0.0 0.0 0.0 1.0 0.0 0.0 3.0 0.0
1094.0043484296523 0.0 0.0 0.0 1.0 0.0 0.0 3.0 0.0
1095.001161611914 0.0 0.0 0.0 1.0 0.0 0.0 3.0 0.0
1096.0043484296523 0.0 0.0 0.0 1.0 0.0 0.0 3.0 0.0
1097.0014355742587 0.0 0.0 0.0 1.0 0.0 0.0 3.0 0.0
1098.0043484296523 0.0 0.0 0.0 1.0 0.0 0.0 3.0 0.0
1099.0020320919555 0.0 0.0 0.0 1.0 0.0 0.0 3.0 0.0
1100.0 0.0 0.0 0.0 1.0 0.0 1.0 3.0 0.0
1101.0043484296523 0.925 0.0 0.0 0.07499999999999997 0.0 1.0 3.0125 0.13703703703703704
1102.0043484296523 1.0 0.0 0.0 0.0 0.0 1.0 3.9125 0.0
1103.0043484296523 1.0 0.0 0.0 0.0 0.0 1.0 4.8 0.0
1104.0043484296523 1.0 0.0 0.0 0.0 0.0 1.0 4.9875 0.0
1105.0027553249715 1.0 0.0 0.0 0.0 0.0 1.0 5.0 0.0
1106.0038082612898 1.0 0.0 0.0 0.0 0.0 1.0 5.0 0.0
1107.0043484296523 1.0 0.0 0.0 0.0 0.0 1.0 5.0 0.0
1108.0043484296523 1.0 0.0 0.0 0.0 0.0 1.0 5.0 0.0
1109.0020616602453 1.0 0.0 0.0 0.0 0.0 1.0 5.0 0.0
1110.0043484296523 1.0 0.0 0.0 0.0 0.0 1.0 5.0 0.0
1111.0043484296523 1.0 0.0 0.0 0.0 0.0 1.0 5.0 0.0
1112.0043484296523 1.0 0.0 0.0 0.0 0.0 1.0 5.0 0.0
1113.0043484296523 1.0 0.0 0.0 0.0 0.0 1.0 5.0 0.0
1114.0043484296523 1.0 0.0 0.0 0.0 0.0 1.0 5.0 0.0
1115.0043484296523 1.0 0.0 0.0 0.0 0.0 1.0 5.0 0.0
1116.0043484296523 1.0 0.0 0.0 0.0 0.0 1.0 5.0 0.0
1117.0043484296523 1.0 0.0 0.0 0.0 0.0 1.0 5.0 0.0
1118.0043484296523 1.0 0.0 0.0 0.0 0.0 1.0 5.0 0.0
1119.0043484296523 1.0 0.0 0.0 0.0 0.0 1.0 5.0 0.0
1120.0043484296523 1.0 0.0 0.0 0.0 0.0 1.0 5.0 0.0
1121.0043484296523 1.0 0.0 0.0 0.0 0.0 1.0 5.0 0.0
1122.004078395369 1.0 0.0 0.0 0.0 0.0 1.0 5.0 0.0
1123.0043484296523 1.0 0.0 0.0 0.0 0.0 1.0 5.0 0.0
1124.0043484296523 1.0 0.0 0.0 0.0 0.0 1.0 5.0 0.0
1125.0043484296523 1.0 0.0 0.0 0.0 0.0 1.0 5.0 0.0
1126.0043484296523 1.0 0.0 0.0 0.0 0.0 1.0 5.0 0.0
1127.0003508356351 1.0 0.0 0.0 0.0 0.0 1.0 5.0 0.0
1128.0043484296523 1.0 0.0 0.0 0.0 0.0 1.0 5.0 0.0
1129.0043484296523 1.0 0.0 0.0 0.0 0.0 1.0 5.0 0.0
1130.0037975340977 1.0 0.0 0.0 0.0 0.0 1.0 5.0 0.0
1131.0043484296523 1.0 0.0 0.0 0.0 0.0 1.0 5.0 0.0
1132.0043484296523 1.0 0.0 0.0 0.0 0.0 1.0 5.0 0.0
1133.0005173717798 1.0 0.0 0.0 0.0 0.0 1.0 5.0 0.0
1134.0043484296523 1.0 0.0 0.0 0.0 0.0 1.0 5.0 0.0
1135.0043140743626 1.0 0.0 0.0 0.0 0.0 1.0 5.0 0.0
1136.0043484296523 1.0 0.0 0.0 0.0 0.0 1.0 5.0 0.0
1137.0041032352387 1.0 0.0 0.0 0.0 0.0 1.0 5.0 0.0
1138.0001939494769 1.0 0.0 0.0 0.0 0.0 1.0 5.0 0.0
1139.0043484296523 1.0 0.0 0.0 0.0 0.0 1.0 5.0 0.0
1140.0043484296523 1.0 0.0 0.0 0.0 0.0 1.0 5.0 0.0
1141.0043484296523 1.0 0.0 0.0 0.0 0.0 1.0 5.0 0.0
1142.000265907304 1.0 0.0 0.0 0.0 0.0 1.0 5.0 0.0
1143.001628200511 1.0 0.0 0.0 0.0 0.0 1.0 5.0 0.0
1144.0043484296523 1.0 0.0 0.0 0.0 0.0 1.0 5.0 0.0
1145.0043484296523 1.0 0.0 0.0 0.0 0.0 1.0 5.0 0.0
1146.0028145137937 1.0 0.0 0.0 0.0 0.0 1.0 5.0 0.0
1147.0043484296523 1.0 0.0 0.0 0.0 0.0 1.0 5.0 0.0
1148.0043484296523 1.0 0.0 0.0 0.0 0.0 1.0 5.0 0.0
1149.0005768127612 1.0 0.0 0.0 0.0 0.0 1.0 5.0 0.0
1150.0043484296523 1.0 0.0 0.0 0.0 0.0 1.0 5.0 0.0
1151.0043484296523 1.0 0.0 0.0 0.0 0.0 1.0 5.0 0.0
1152.0005204994607 1.0 0.0 0.0 0.0 0.0 1.0 5.0 0.0
1153.0009716452832 1.0 0.0 0.0 0.0 0.0 1.0 5.0 0.0
1154.0036821530812 1.0 0.0 0.0 0.0 0.0 1.0 5.0 0.0
1155.0043484296523 1.0 0.0 0.0 0.0 0.0 1.0 5.0 0.0
1156.0015674758856 1.0 0.0 0.0 0.0 0.0 1.0 5.0 0.0
1157.0043484296523 1.0 0.0 0.0 0.0 0.0 1.0 5.0 0.0
1158.0043484296523 1.0 0.0 0.0 0.0 0.0 1.0 5.0 0.0
1159.0030204364891 1.0 0.0 0.0 0.0 0.0 1.0 5.0 0.0
1160.0043484296523 1.0 0.0 0.0 0.0 0.0 1.0 5.0 0.0
1161.0043484296523 1.0 0.0 0.0 0.0 0.0 1.0 5.0 0.0
1162.0043484296523 1.0 0.0 0.0 0.0 0.0 1.0 5.0 0.0
1163.0043484296523 1.0 0.0 0.0 0.0 0.0 1.0 5.0 0.0
1164.000401894181 1.0 0.0 0.0 0.0 0.0 1.0 5.0 0.0
1165.0043484296523 1.0 0.0 0.0 0.0 0.0 1.0 5.0 0.0
1166.0043484296523 1.0 0.0 0.0 0.0 0.0 1.0 5.0 0.0
1167.0016706461683 1.0 0.0 0.0 0.0 0.0 1.0 5.0 0.0
1168.0043484296523 1.0 0.0 0.0 0.0 0.0 1.0 5.0 0.0
1169.0043484296523 1.0 0.0 0.0 0.0 0.0 1.0 5.0 0.0
1170.0043484296523 1.0 0.0 0.0 0.0 0.0 1.0 5.0 0.0
1171.0033759467435 1.0 0.0 0.0 0.0 0.0 1.0 5.0 0.0
1172.0043484296523 1.0 0.0 0.0 0.0 0.0 1.0 5.0 0.0
1173.0043484296523 1.0 0.0 0.0 0.0 0.0 1.0 5.0 0.0
1174.0043484296523 1.0 0.0 0.0 0.0 0.0 1.0 5.0 0.0
1175.0043484296523 1.0 0.0 0.0 0.0 0.0 1.0 5.0 0.0
1176.0043484296523 1.0 0.0 0.0 0.0 0.0 1.0 5.0 0.0
1177.0012555922735 1.0 0.0 0.0 0.0 0.0 1.0 5.0 0.0
1178.0014092762449 1.0 0.0 0.0 0.0 0.0 1.0 5.0 0.0
1179.0043484296523 1.0 0.0 0.0 0.0 0.0 1.0 5.0 0.0
1180.0043484296523 1.0 0.0 0.0 0.0 0.0 1.0 5.0 0.0
1181.0043484296523 1.0 0.0 0.0 0.0 0.0 1.0 5.0 0.0
1182.0043484296523 1.0 0.0 0.0 0.0 0.0 1.0 5.0 0.0
1183.0043484296523 1.0 0.0 0.0 0.0 0.0 1.0 5.0 0.0
1184.0043484296523 1.0 0.0 0.0 0.0 0.0 1.0 5.0 0.0
1185.0043484296523 1.0 0.0 0.0 0.0 0.0 1.0 5.0 0.0
1186.0043484296523 1.0 0.0 0.0 0.0 0.0 1.0 5.0 0.0
1187.0029866955063 1.0 0.0 0.0 0.0 0.0 1.0 5.0 0.0
1188.0043484296523 1.0 0.0 0.0 0.0 0.0 1.0 5.0 0.0
1189.0043484296523 1.0 0.0 0.0 0.0 0.0 1.0 5.0 0.0
1190.0043484296523 1.0 0.0 0.0 0.0 0.0 1.0 5.0 0.0
1191.0043484296523 1.0 0.0 0.0 0.0 0.0 1.0 5.0 0.0
1192.0043484296523 1.0 0.0 0.0 0.0 0.0 1.0 5.0 0.0
1193.00153876081 1.0 0.0 0.0 0.0 0.0 1.0 5.0 0.0
1194.0043484296523 1.0 0.0 0.0 0.0 0.0 1.0 5.0 0.0
1195.00034381708 1.0 0.0 0.0 0.0 0.0 1.0 5.0 0.0
1196.0023534098111 1.0 0.0 0.0 0.0 0.0 1.0 5.0 0.0
1197.004261704088 1.0 0.0 0.0 0.0 0.0 1.0 5.0 0.0
1198.0007652936538 1.0 0.0 0.0 0.0 0.0 1.0 5.0 0.0
1199.0017352233704 1.0 0.0 0.0 0.0 0.0 1.0 5.0 0.0
1200.0 1.0 0.0 0.0 0.0 0.0 1.0 5.0 0.0
1201.0 0.4625000000000001 0.0 0.5375 0.0 0.0 1.0 4.9875 0.49104938271604937
1202.0 0.02499999999999999 0.0 0.975 0.0 0.0 1.0 4.6375 0.04814814814814815
1203.0 0.0 0.0 1.0 0.0 0.0 1.0 5.425 0.0
1204.0 0.0 0.0 1.0 0.0 0.0 1.0 5.975 0.0
1205.0 0.0 0.0 1.0 0.0 0.0 1.0 6.0 0.0
1206.0 0.0 0.0 1.0 0.0 0.0 1.0 6.0 0.0
1207.0 0.0 0.0 1.0 0.0 0.0 1.0 6.0 0.0
1208.0 0.0 0.0 1.0 0.0 0.0 1.0 6.0 0.0
1209.0 0.0 0.0 1.0 0.0 0.0 1.0 6.0 0.0
1210.0 0.0 0.0 1.0 0.0 0.0 1.0 6.0 0.0
1211.0 0.0 0.0 1.0 0.0 0.0 1.0 6.0 0.0
1212.0 0.0 0.0 1.0 0.0 0.0 1.0 6.0 0.0
1213.0 0.0 0.0 1.0 0.0 0.0 1.0 6.0 0.0
1214.0 0.0 0.0 1.0 0.0 0.0 1.0 6.0 0.0
1215.0 0.0 0.0 1.0 0.0 0.0 1.0 6.0 0.0
1216.0 0.0 0.0 1.0 0.0 0.0 1.0 6.0 0.0
1217.0 0.0 0.0 1.0 0.0 0.0 1.0 6.0 0.0
1218.0 0.0 0.0 1.0 0.0 0.0 1.0 6.0 0.0
1219.0 0.0 0.0 1.0 0.0 0.0 1.0 6.0 0.0
1220.0 0.0 0.0 1.0 0.0 0.0 1.0 6.0 0.0
1221.0 0.0 0.0 1.0 0.0 0.0 1.0 6.0 0.0
1222.0 0.0 0.0 1.0 0.0 0.0 1.0 6.0 0.0
1223.0 0.0 0.0 1.0 0.0 0.0 1.0 6.0 0.0
1224.0 0.0 0.0 1.0 0.0 0.0 1.0 6.0 0.0
1225.0 0.0 0.0 1.0 0.0 0.0 1.0 6.0 0.0
1226.0 0.0 0.0 1.0 0.0 0.0 1.0 6.0 0.0
1227.0 0.0 0.0 1.0 0.0 0.0 1.0 6.0 0.0
1228.0 0.0 0.0 1.0 0.0 0.0 1.0 6.0 0.0
1229.0 0.0 0.0 1.0 0.0 0.0 1.0 6.0 0.0
1230.0 0.0 0.0 1.0 0.0 0.0 1.0 6.0 0.0
1231.0 0.0 0.0 1.0 0.0 0.0 1.0 6.0 0.0
1232.0 0.0 0.0 1.0 0.0 0.0 1.0 6.0 0.0
1233.0 0.0 0.0 1.0 0.0 0.0 1.0 6.0 0.0
1234.0 0.0 0.0 1.0 0.0 0.0 1.0 6.0 0.0
1235.0 0.0 0.0 1.0 0.0 0.0 1.0 6.0 0.0
1236.0 0.0 0.0 1.0 0.0 0.0 1.0 6.0 0.0
1237.0 0.0 0.0 1.0 0.0 0.0 1.0 6.0 0.0
1238.0 0.0 0.0 1.0 0.0 0.0 1.0 6.0 0.0
1239.0 0.0 0.0 1.0 0.0 0.0 1.0 6.0 0.0
1240.0 0.0 0.0 1.0 0.0 0.0 1.0 6.0 0.0
1241.0 0.0 0.0 1.0 0.0 0.0 1.0 6.0 0.0
1242.0 0.0 0.0 1.0 0.0 0.0 1.0 6.0 0.0
1243.0 0.0 0.0 1.0 0.0 0.0 1.0 6.0 0.0
1244.0 0.0 0.0 1.0 0.0 0.0 1.0 6.0 0.0
1245.0 0.0 0.0 1.0 0.0 0.0 1.0 6.0 0.0
1246.0 0.0 0.0 1.0 0.0 0.0 1.0 6.0 0.0
1247.0 0.0 0.0 1.0 0.0 0.0 1.0 6.0 0.0
1248.0 0.0 0.0 1.0 0.0 0.0 1.0 6.0 0.0
1249.0 0.0 0.0 1.0 0.0 0.0 1.0 6.0 0.0
1250.0 0.0 0.0 1.0 0.0 0.0 1.0 6.0 0.0
1251.0 0.0 0.0 1.0 0.0 0.0 1.0 6.0 0.0
1252.0 0.0 0.0 1.0 0.0 0.0 1.0 6.0 0.0
1253.0 0.0 0.0 1.0 0.0 0.0 1.0 6.0 0.0
1254.0 0.0 0.0 1.0 0.0 0.0 1.0 6.0 0.0
1255.0 0.0 0.0 1.0 0.0 0.0 1.0 6.0 0.0
1256.0 0.0 0.0 1.0 0.0 0.0 1.0 6.0 0.0
1257.0 0.0 0.0 1.0 0.0 0.0 1.0 6.0 0.0
1258.0 0.0 0.0 1.0 0.0 0.0 1.0 6.0 0.0
1259.0 0.0 0.0 1.0 0.0 0.0 1.0 6.0 0.0
1260.0 0.0 0.0 1.0 0.0 0.0 1.0 6.0 0.0
1261.0 0.0 0.0 1.0 0.0 0.0 1.0 6.0 0.0
1262.0 0.0 0.0 1.0 0.0 0.0 1.0 6.0 0.0
1263.0 0.0 0.0 1.0 0.0 0.0 1.0 6.0 0.0
1264.0 0.0 0.0 1.0 0.0 0.0 1.0 6.0 0.0
1265.0 0.0 0.0 1.0 0.0 0.0 1.0 6.0 0.0
1266.0 0.0 0.0 1.0 0.0 0.0 1.0 6.0 0.0
1267.0 0.0 0.0 1.0 0.0 0.0 1.0 6.0 0.0
1268.0 0.0 0.0 1.0 0.0 0.0 1.0 6.0 0.0
1269.0 0.0 0.0 1.0 0.0 0.0 1.0 6.0 0.0
1270.0 0.0 0.0 1.0 0.0 0.0 1.0 6.0 0.0
1271.0 0.0 0.0 1.0 0.0 0.0 1.0 6.0 0.0
1272.0 0.0 0.0 1.0 0.0 0.0 1.0 6.0 0.0
1273.0 0.0 0.0 1.0 0.0 0.0 1.0 6.0 0.0
1274.0 0.0 0.0 1.0 0.0 0.0 1.0 6.0 0.0
1275.0 0.0 0.0 1.0 0.0 0.0 1.0 6.0 0.0
1276.0 0.0 0.0 0.13750000000000004 0.8625 0.0 0.0 6.025 0.23425925925925925
1277.0028142048955 0.0 0.0 0.02499999999999999 0.975 0.0 0.0 6.825 0.04814814814814815
1278.0036075115438 0.0 0.0 0.0 1.0 0.0 0.0 7.7875 0.0
1279.0043484296523 0.0 0.0 0.0 1.0 0.0 0.0 8.0 0.0
1280.0020377702824 0.0 0.0 0.0 1.0 0.0 0.0 8.0 0.0
1281.0043484296523 0.0 0.0 0.0 1.0 0.0 0.0 8.0 0.0
1282.0043484296523 0.0 0.0 0.0 1.0 0.0 0.0 8.0 0.0
1283.0043484296523 0.0 0.0 0.0 1.0 0.0 0.0 8.0 0.0
1284.0043484296523 0.0 0.0 0.0 1.0 0.0 0.0 8.0 0.0
1285.0043484296523 0.0 0.0 0.0 1.0 0.0 0.0 8.0 0.0
1286.0043484296523 0.0 0.0 0.0 1.0 0.0 0.0 8.0 0.0
1287.0043484296523 0.0 0.0 0.0 1.0 0.0 0.0 8.0 0.0
1288.0043484296523 0.0 0.0 0.0 1.0 0.0 0.0 8.0 0.0
1289.0043484296523 0.0 0.0 0.0 1.0 0.0 0.0 8.0 0.0
1290.0038927574826 0.0 0.0 0.0 1.0 0.0 0.0 8.0 0.0
1291.0043484296523 0.0 0.0 0.0 1.0 0.0 0.0 8.0 0.0
1292.0043484296523 0.0 0.0 0.0 1.0 0.0 0.0 8.0 0.0
1293.0043484296523 0.0 0.0 0.0 1.0 0.0 0.0 8.0 0.0
1294.0043484296523 0.0 0.0 0.0 1.0 0.0 0.0 8.0 0.0
1295.0043484296523 0.0 0.0 0.0 1.0 0.0 0.0 8.0 0.0
1296.000575452632 0.0 0.0 0.0 1.0 0.0 0.0 8.0 0.0
1297.0043484296523 0.0 0.0 0.0 1.0 0.0 0.0 8.0 0.0
1298.0043484296523 0.0 0.0 0.0 1.0 0.0 0.0 8.0 0.0
1299.0043484296523 0.0 0.0 0.0 1.0 0.0 0.0 8.0 0.0
1300.0043484296523 0.0 0.0 0.0 1.0 0.0 0.0 8.0 0.0
1301.0043484296523 0.0 0.0 0.0 1.0 0.0 0.0 8.0 0.0
1302.0043484296523 0.0 0.0 0.0 1.0 0.0 0.0 8.0 0.0
1303.0019426554738 0.0 0.0 0.0 1.0 0.0 0.0 8.0 0.0
1304.0043484296523 0.0 0.0 0.0 1.0 0.0 0.0 8.0 0.0
1305.0043484296523 0.0 0.0 0.0 1.0 0.0 0.0 8.0 0.0
1306.0043484296523 0.0 0.0 0.0 1.0 0.0 0.0 8.0 0.0
1307.0043484296523 0.0 0.0 0.0 1.0 0.0 0.0 8.0 0.0
1308.0006722615863 0.0 0.0 0.0 1.0 0.0 0.0 8.0 0.0
1309.0043484296523 0.0 0.0 0.0 1.0 0.0 0.0 8.0 0.0
1310.0043484296523 0.0 0.0 0.0 1.0 0.0 0.0 8.0 0.0
1311.0043484296523 0.0 0.0 0.0 1.0 0.0 0.0 8.0 0.0
1312.0043484296523 0.0 0.0 0.0 1.0 0.0 0.0 8.0 0.0
1313.0043484296523 0.0 0.0 0.0 1.0 0.0 0.0 8.0 0.0
1314.0043484296523 0.0 0.0 0.0 1.0 0.0 0.0 8.0 0.0
1315.0043484296523 0.0 0.0 0.0 1.0 0.0 0.0 8.0 0.0
1316.002710778011 0.0 0.0 0.0 1.0 0.0 0.0 8.0 0.0
1317.0043484296523 0.0 0.0 0.0 1.0 0.0 0.0 8.0 0.0
1318.0028528711498 0.0 0.0 0.0 1.0 0.0 0.0 8.0 0.0
1319.0043484296523 0.0 0.0 0.0 1.0 0.0 0.0 8.0 0.0
1320.002169620615 0.0 0.0 0.0 1.0 0.0 0.0 8.0 0.0
1321.0043484296523 0.0 0.0 0.0 1.0 0.0 0.0 8.0 0.0
1322.0041416870995 0.0 0.0 0.0 1.0 0.0 0.0 8.0 0.0
1323.0043484296523 0.0 0.0 0.0 1.0 0.0 0.0 8.0 0.0
1324.0043484296523 0.0 0.0 0.0 1.0 0.0 0.0 8.0 0.0
1325.003371756846 0.0 0.0 0.0 1.0 0.0 0.0 8.0 0.0
1326.0043484296523 0.0 0.0 0.0 1.0 0.0 0.0 8.0 0.0
1327.000210564009 0.0 0.0 0.0 1.0 0.0 0.0 8.0 0.0
1328.0043484296523 0.0 0.0 0.0 1.0 0.0 0.0 8.0 0.0
1329.0003265545683 0.0 0.0 0.0 1.0 0.0 0.0 8.0 0.0
1330.0043484296523 0.0 0.0 0.0 1.0 0.0 0.0 8.0 0.0
1331.0043484296523 0.0 0.0 0.0 1.0 0.0 0.0 8.0 0.0
1332.0043484296523 0.0 0.0 0.0 1.0 0.0 0.0 8.0 0.0
1333.0043484296523 0.0 0.0 0.0 1.0 0.0 0.0 8.0 0.0
1334.0043484296523 0.0 0.0 0.0 1.0 0.0 0.0 8.0 0.0
1335.0025526865409 0.0 0.0 0.0 1.0 0.0 0.0 8.0 0.0
1336.0043484296523 0.0 0.0 0.0 1.0 0.0 0.0 8.0 0.0
1337.0043484296523 0.0 0.0 0.0 1.0 0.0 0.0 8.0 0.0
1338.0043484296523 0.0 0.0 0.0 1.0 0.0 0.0 8.0 0.0
1339.001336751574 0.0 0.0 0.0 1.0 0.0 0.0 8.0 0.0
1340.0043484296523 0.0 0.0 0.0 1.0 0.0 0.0 8.0 0.0
1341.0043484296523 0.0 0.0 0.0 1.0 0.0 0.0 8.0 0.0
1342.0043484296523 0.0 0.0 0.0 1.0 0.0 0.0 8.0 0.0
1343.0043484296523 0.0 0.0 0.0 1.0 0.0 0.0 8.0 0.0
1344.0043484296523 0.0 0.0 0.0 1.0 0.0 0.0 8.0 0.0
1345.0043484296523 0.0 0.0 0.0 1.0 0.0 0.0 8.0 0.0
1346.0002725262532 0.0 0.0 0.0 1.0 0.0 0.0 8.0 0.0
1347.0043484296523 0.0 0.0 0.0 1.0 0.0 0.0 8.0 0.0
1348.0043484296523 0.0 0.0 0.0 1.0 0.0 0.0 8.0 0.0
1349.0043484296523 0.0 0.0 0.0 1.0 0.0 0.0 8.0 0.0
1350.0043484296523 0.0 0.0 0.0 1.0 0.0 0.0 8.0 0.0
1351.004196413954 0.0 0.0 0.0 1.0 0.0 0.0 8.0 0.0
1352.0043484296523 0.0 0.0 0.0 1.0 0.0 0.0 8.0 0.0
1353.0043484296523 0.0 0.0 0.0 1.0 0.0 0.0 8.0 0.0
1354.0043484296523 0.0 0.0 0.0 1.0 0.0 0.0 8.0 0.0
1355.0034663791753 0.0 0.0 0.0 1.0 0.0 0.0 8.0 0.0
1356.0035141100002 0.0 0.0 0.0 1.0 0.0 0.0 8.0 0.0
1357.0043484296523 0.0 0.0 0.0 1.0 0.0 0.0 8.0 0.0
1358.0032592451878 0.0 0.0 0.0 1.0 0.0 0.0 8.0 0.0
1359.0043484296523 0.0 0.0 0.0 1.0 0.0 0.0 8.0 0.0
1360.0043484296523 0.0 0.0 0.0 1.0 0.0 0.0 8.0 0.0
1361.0043484296523 0.0 0.0 0.0 1.0 0.0 0.0 8.0 0.0
1362.0043484296523 0.0 0.0 0.0 1.0 0.0 0.0 8.0 0.0
1363.0043484296523 0.0 0.0 0.0 1.0 0.0 0.0 8.0 0.0
1364.0043484296523 0.0 0.0 0.0 1.0 0.0 0.0 8.0 0.0
1365.0043484296523 0.0 0.0 0.0 1.0 0.0 0.0 8.0 0.0
1366.0036888827551 0.0 0.0 0.0 1.0 0.0 0.0 8.0 0.0
1367.0043484296523 0.0 0.0 0.0 1.0 0.0 0.0 8.0 0.0
1368.0043484296523 0.0 0.0 0.0 1.0 0.0 0.0 8.0 0.0
1369.003856523677 0.0 0.0 0.0 1.0 0.0 0.0 8.0 0.0
1370.0014178262577 0.0 0.0 0.0 1.0 0.0 0.0 8.0 0.0
1371.0043484296523 0.0 0.0 0.0 1.0 0.0 0.0 8.0 0.0
1372.0043484296523 0.0 0.0 0.0 1.0 0.0 0.0 8.0 0.0
1373.0036595903932 0.0 0.0 0.0 1.0 0.0 0.0 8.0 0.0
1374.0043484296523 0.0 0.0 0.0 1.0 0.0 0.0 8.0 0.0
1375.0043484296523 0.0 0.0 0.0 1.0 0.0 0.0 8.0 0.0
1376.0019945646638 0.0 0.0 0.0 1.0 0.0 0.0 8.0 0.0
1377.0043484296523 0.0 0.0 0.0 1.0 0.0 0.0 8.0 0.0
1378.002047408081 0.0 0.0 0.0 1.0 0.0 0.0 8.0 0.0
1379.0043484296523 0.0 0.0 0.0 1.0 0.0 0.0 8.0 0.0
1380.0016637868987 0.0 0.0 0.0 1.0 0.0 0.0 8.0 0.0
1381.0043484296523 0.0 0.0 0.0 1.0 0.0 0.0 8.0 0.0
1382.001594810476 0.0 0.0 0.0 1.0 0.0 0.0 8.0 0.0
1383.0001511113899 0.0 0.0 0.0 1.0 0.0 0.0 8.0 0.0
1384.0043484296523 0.0 0.0 0.0 1.0 0.0 0.0 8.0 0.0
1385.0043484296523 0.0 0.0 0.0 1.0 0.0 0.0 8.0 0.0
1386.0001313475943 0.0 0.0 0.0 1.0 0.0 0.0 8.0 0.0
1387.0043484296523 0.0 0.0 0.0 1.0 0.0 0.0 8.0 0.0
1388.0043484296523 0.0 0.0 0.0 1.0 0.0 0.0 8.0 0.0
1389.0043484296523 0.0 0.0 0.0 1.0 0.0 0.0 8.0 0.0
1390.0033404963465 0.0 0.0 0.0 1.0 0.0 0.0 8.0 0.0
1391.0043484296523 0.0 0.0 0.0 1.0 0.0 0.0 8.0 0.0
1392.0043484296523 0.0 0.0 0.0 1.0 0.0 0.0 8.0 0.0
1393.0043484296523 0.0 0.0 0.0 1.0 0.0 0.0 8.0 0.0
1394.0043484296523 0.0 0.0 0.0 1.0 0.0 0.0 8.0 0.0
1395.0017842057352 0.0 0.0 0.0 1.0 0.0 0.0 8.0 0.0
1396.0043484296523 0.0 0.0 0.0 1.0 0.0 0.0 8.0 0.0
1397.0014831662995 0.0 0.0 0.0 1.0 0.0 0.0 8.0 0.0
1398.0043484296523 0.0 0.0 0.0 1.0 0.0 0.0 8.0 0.0
1399.0043484296523 0.0 0.0 0.0 1.0 0.0 0.0 8.0 0.0
1400.0043484296523 0.0 0.0 0.0 1.0 0.0 0.0 8.0 0.0
1401.0012868497865 0.0 0.0 0.0 1.0 0.0 0.0 8.0 0.0
1402.0043484296523 0.0 0.0 0.0 1.0 0.0 0.0 8.0 0.0
1403.0024081366487 0.0 0.0 0.0 1.0 0.0 0.0 8.0 0.0
1404.0043484296523 0.0 0.0 0.0 1.0 0.0 0.0 8.0 0.0
1405.0043484296523 0.0 0.0 0.0 1.0 0.0 0.0 8.0 0.0
1406.0043484296523 0.0 0.0 0.0 1.0 0.0 0.0 8.0 0.0
1407.0040620618122 0.0 0.0 0.0 1.0 0.0 0.0 8.0 0.0
1408.0043484296523 0.0 0.0 0.0 1.0 0.0 0.0 8.0 0.0
1409.0043484296523 0.0 0.0 0.0 1.0 0.0 0.0 8.0 0.0
1410.001083159598 0.0 0.0 0.0 1.0 0.0 0.0 8.0 0.0
1411.0043484296523 0.0 0.0 0.0 1.0 0.0 0.0 8.0 0.0
1412.0043484296523 0.0 0.0 0.0 1.0 0.0 0.0 8.0 0.0
1413.0043484296523 0.0 0.0 0.0 1.0 0.0 0.0 8.0 0.0
1414.0043484296523 0.0 0.0 0.0 1.0 0.0 0.0 8.0 0.0
1415.0043484296523 0.0 0.0 0.0 1.0 0.0 0.0 8.0 0.0
1416.0043484296523 0.0 0.0 0.0 1.0 0.0 0.0 8.0 0.0
1417.0043484296523 0.0 0.0 0.0 1.0 0.0 0.0 8.0 0.0
1418.0020799737924 0.0 0.0 0.0 1.0 0.0 0.0 8.0 0.0
1419.0028606780247 0.0 0.0 0.0 1.0 0.0 0.0 8.0 0.0
1420.0043484296523 0.0 0.0 0.0 1.0 0.0 0.0 8.0 0.0
1421.0034445381852 0.0 0.0 0.0 1.0 0.0 0.0 8.0 0.0
1422.0043484296523 0.0 0.0 0.0 1.0 0.0 0.0 8.0 0.0
1423.0043484296523 0.0 0.0 0.0 1.0 0.0 0.0 8.0 0.0
1424.0011325571538 0.0 0.0 0.0 1.0 0.0 0.0 8.0 0.0
1425.0043484296523 0.0 0.0 0.0 1.0 0.0 0.0 8.0 0.0
1426.001588371682 0.0 0.0 0.0 1.0 0.0 0.0 8.0 0.0
1427.0043484296523 0.0 0.0 0.0 1.0 0.0 0.0 8.0 0.0
1428.0043484296523 0.0 0.0 0.0 1.0 0.0 0.0 8.0 0.0
1429.0043484296523 0.0 0.0 0.0 1.0 0.0 0.0 8.0 0.0
1430.0043484296523 0.0 0.0 0.0 1.0 0.0 0.0 8.0 0.0
1431.0043484296523 0.0 0.0 0.0 1.0 0.0 0.0 8.0 0.0
1432.0043484296523 0.0 0.0 0.0 1.0 0.0 0.0 8.0 0.0
1433.0043484296523 0.0 0.0 0.0 1.0 0.0 0.0 8.0 0.0
1434.0000328509125 0.0 0.0 0.0 1.0 0.0 0.0 8.0 0.0
1435.0043484296523 0.0 0.0 0.0 1.0 0.0 0.0 8.0 0.0
1436.0043484296523 0.0 0.0 0.0 1.0 0.0 0.0 8.0 0.0
1437.0043484296523 0.0 0.0 0.0 1.0 0.0 0.0 8.0 0.0
1438.0043484296523 0.0 0.0 0.0 1.0 0.0 0.0 8.0 0.0
1439.0043484296523 0.0 0.0 0.0 1.0 0.0 0.0 8.0 0.0
1440.0043484296523 0.0 0.0 0.0 1.0 0.0 0.0 8.0 0.0
1441.0043484296523 0.0 0.0 0.0 1.0 0.0 0.0 8.0 0.0
1442.0043484296523 0.0 0.0 0.0 1.0 0.0 0.0 8.0 0.0
1443.0043484296523 0.0 0.0 0.0 1.0 0.0 0.0 8.0 0.0
1444.0043484296523 0.0 0.0 0.0 1.0 0.0 0.0 8.0 0.0
1445.0043484296523 0.0 0.0 0.0 1.0 0.0 0.0 8.0 0.0
1446.0043484296523 0.0 0.0 0.0 1.0 0.0 0.0 8.0 0.0
1447.0043484296523 0.0 0.0 0.0 1.0 0.0 0.0 8.0 0.0
1448.0011096640128 0.0 0.0 0.0 1.0 0.0 0.0 8.0 0.0
1449.0043484296523 0.0 0.0 0.0 1.0 0.0 0.0 8.0 0.0
1450.0043484296523 0.0 0.0 0.0 1.0 0.0 0.0 8.0 0.0
1451.0043484296523 0.0 0.0 0.0 1.0 0.0 0.0 8.0 0.0
1452.0034437694208 0.0 0.0 0.0 1.0 0.0 0.0 8.0 0.0
1453.0043484296523 0.0 0.0 0.0 1.0 0.0 0.0 8.0 0.0
1454.0043484296523 0.0 0.0 0.0 1.0 0.0 0.0 8.0 0.0
1455.0008771772718 0.0 0.0 0.0 1.0 0.0 0.0 8.0 0.0
1456.0043484296523 0.0 0.0 0.0 1.0 0.0 0.0 8.0 0.0
1457.0043484296523 0.0 0.0 0.0 1.0 0.0 0.0 8.0 0.0
1458.0043484296523 0.0 0.0 0.0 1.0 0.0 0.0 8.0 0.0
1459.0028423529654 0.0 0.0 0.0 1.0 0.0 0.0 8.0 0.0
1460.0039294749633 0.0 0.0 0.0 1.0 0.0 0.0 8.0 0.0
1461.003935847042 0.0 0.0 0.0 1.0 0.0 0.0 8.0 0.0
1462.0043484296523 0.0 0.0 0.0 1.0 0.0 0.0 8.0 0.0
1463.0043484296523 0.0 0.0 0.0 1.0 0.0 0.0 8.0 0.0
1464.0043484296523 0.0 0.0 0.0 1.0 0.0 0.0 8.0 0.0
1465.0043484296523 0.0 0.0 0.0 1.0 0.0 0.0 8.0 0.0
1466.0043484296523 0.0 0.0 0.0 1.0 0.0 0.0 8.0 0.0
1467.0043484296523 0.0 0.0 0.0 1.0 0.0 0.0 8.0 0.0
1468.0043484296523 0.0 0.0 0.0 1.0 0.0 0.0 8.0 0.0
1469.0043484296523 0.0 0.0 0.0 1.0 0.0 0.0 8.0 0.0
1470.0028079164692 0.0 0.0 0.0 1.0 0.0 0.0 8.0 0.0
1471.0043484296523 0.0 0.0 0.0 1.0 0.0 0.0 8.0 0.0
1472.0018785091527 0.0 0.0 0.0 1.0 0.0 0.0 8.0 0.0
1473.0043484296523 0.0 0.0 0.0 1.0 0.0 0.0 8.0 0.0
1474.0015047217387 0.0 0.0 0.0 1.0 0.0 0.0 8.0 0.0
1475.0043484296523 0.0 0.0 0.0 1.0 0.0 0.0 8.0 0.0
1476.0043484296523 0.0 0.0 0.0 1.0 0.0 0.0 8.0 0.0
1477.003646636101 0.0 0.0 0.0 1.0 0.0 0.0 8.0 0.0
1478.0043484296523 0.0 0.0 0.0 1.0 0.0 0.0 8.0 0.0
1479.0001519677946 0.0 0.0 0.0 1.0 0.0 0.0 8.0 0.0
1480.0016691516623 0.0 0.0 0.0 1.0 0.0 0.0 8.0 0.0
1481.0043484296523 0.0 0.0 0.0 1.0 0.0 0.0 8.0 0.0
1482.0043484296523 0.0 0.0 0.0 1.0 0.0 0.0 8.0 0.0
1483.0039600186944 0.0 0.0 0.0 1.0 0.0 0.0 8.0 0.0
1484.0007067825125 0.0 0.0 0.0 1.0 0.0 0.0 8.0 0.0
1485.0041232618344 0.0 0.0 0.0 1.0 0.0 0.0 8.0 0.0
1486.0043484296523 0.0 0.0 0.0 1.0 0.0 0.0 8.0 0.0
1487.0043484296523 0.0 0.0 0.0 1.0 0.0 0.0 8.0 0.0
1488.0029880866553 0.0 0.0 0.0 1.0 0.0 0.0 8.0 0.0
1489.0043484296523 0.0 0.0 0.0 1.0 0.0 0.0 8.0 0.0
1490.0043484296523 0.0 0.0 0.0 1.0 0.0 0.0 8.0 0.0
1491.0043484296523 0.0 0.0 0.0 1.0 0.0 0.0 8.0 0.0
1492.0019046071068 0.0 0.0 0.0 1.0 0.0 0.0 8.0 0.0
1493.0043484296523 0.0 0.0 0.0 1.0 0.0 0.0 8.0 0.0
1494.0043484296523 0.0 0.0 0.0 1.0 0.0 0.0 8.0 0.0
1495.0043484296523 0.0 0.0 0.0 1.0 0.0 0.0 8.0 0.0
1496.0043484296523 0.0 0.0 0.0 1.0 0.0 0.0 8.0 0.0
1497.0043484296523 0.0 0.0 0.0 1.0 0.0 0.0 8.0 0.0
1498.0029048752008 0.0 0.0 0.0 1.0 0.0 0.0 8.0 0.0
1499.0031030396156 0.0 0.0 0.0 1.0 0.0 0.0 8.0 0.0
1500.0043484296523 0.0 0.0 0.0 1.0 0.0 0.0 8.0 0.0
1501.0043484296523 0.0 0.0 0.0 1.0 0.0 0.0 8.0 0.0
1502.0019389089734 0.0 0.0 0.0 1.0 0.0 0.0 8.0 0.0
1503.000182510799 0.0 0.0 0.0 1.0 0.0 0.0 8.0 0.0
1504.0043484296523 0.0 0.0 0.0 1.0 0.0 0.0 8.0 0.0
1505.0004819160188 0.0 0.0 0.0 1.0 0.0 0.0 8.0 0.0
1506.0017077502973 0.0 0.0 0.0 1.0 0.0 0.0 8.0 0.0
1507.0043484296523 0.0 0.0 0.0 1.0 0.0 0.0 8.0 0.0
1508.0043484296523 0.0 0.0 0.0 1.0 0.0 0.0 8.0 0.0
1509.0043484296523 0.0 0.0 0.0 1.0 0.0 0.0 8.0 0.0
1510.0043484296523 0.0 0.0 0.0 1.0 0.0 0.0 8.0 0.0
1511.0043484296523 0.0 0.0 0.0 1.0 0.0 0.0 8.0 0.0
1512.0043484296523 0.0 0.0 0.0 1.0 0.0 0.0 8.0 0.0
1513.0014362123668 0.0 0.0 0.0 1.0 0.0 0.0 8.0 0.0
1514.0043484296523 0.0 0.0 0.0 1.0 0.0 0.0 8.0 0.0
1515.0043484296523 0.0 0.0 0.0 1.0 0.0 0.0 8.0 0.0
1516.0002220222664 0.0 0.0 0.0 1.0 0.0 0.0 8.0 0.0
1517.0043484296523 0.0 0.0 0.0 1.0 0.0 0.0 8.0 0.0
1518.0043484296523 0.0 0.0 0.0 1.0 0.0 0.0 8.0 0.0
1519.0043484296523 0.0 0.0 0.0 1.0 0.0 0.0 8.0 0.0
1520.0043484296523 0.0 0.0 0.0 1.0 0.0 0.0 8.0 0.0
1521.0043484296523 0.0 0.0 0.0 1.0 0.0 0.0 8.0 0.0
1522.0043484296523 0.0 0.0 0.0 1.0 0.0 0.0 8.0 0.0
1523.0043484296523 0.0 0.0 0.0 1.0 0.0 0.0 8.0 0.0
1524.0043484296523 0.0 0.0 0.0 1.0 0.0 0.0 8.0 0.0
1525.0043484296523 0.0 0.0 0.0 1.0 0.0 0.0 8.0 0.0
1526.0043484296523 0.0 0.0 0.0 1.0 0.0 0.0 8.0 0.0
1527.0043484296523 0.0 0.0 0.0 1.0 0.0 0.0 8.0 0.0
1528.0043484296523 0.0 0.0 0.0 1.0 0.0 0.0 8.0 0.0
1529.0043484296523 0.0 0.0 0.0 1.0 0.0 0.0 8.0 0.0
1530.0043484296523 0.0 0.0 0.0 1.0 0.0 0.0 8.0 0.0
1531.0043484296523 0.0 0.0 0.0 1.0 0.0 0.0 8.0 0.0
1532.0043484296523 0.0 0.0 0.0 1.0 0.0 0.0 8.0 0.0
1533.0043484296523 0.0 0.0 0.0 1.0 0.0 0.0 8.0 0.0
1534.0043484296523 0.0 0.0 0.0 1.0 0.0 0.0 8.0 0.0
1535.0043484296523 0.0 0.0 0.0 1.0 0.0 0.0 8.0 0.0
1536.000462092117 0.0 0.0 0.0 1.0 0.0 0.0 8.0 0.0
1537.001266742736 0.0 0.0 0.0 1.0 0.0 0.0 8.0 0.0
1538.0031778449872 0.0 0.0 0.0 1.0 0.0 0.0 8.0 0.0
1539.0043484296523 0.0 0.0 0.0 1.0 0.0 0.0 8.0 0.0
1540.0043484296523 0.0 0.0 0.0 1.0 0.0 0.0 8.0 0.0
1541.0008051982495 0.0 0.0 0.0 1.0 0.0 0.0 8.0 0.0
1542.0043484296523 0.0 0.0 0.0 1.0 0.0 0.0 8.0 0.0
1543.0043484296523 0.0 0.0 0.0 1.0 0.0 0.0 8.0 0.0
1544.0043484296523 0.0 0.0 0.0 1.0 0.0 0.0 8.0 0.0
1545.0043484296523 0.0 0.0 0.0 1.0 0.0 0.0 8.0 0.0
1546.0007692606316 0.0 0.0 0.0 1.0 0.0 0.0 8.0 0.0
1547.0001753578492 0.0 0.0 0.0 1.0 0.0 0.0 8.0 0.0
1548.000046467054 0.0 0.0 0.0 1.0 0.0 0.0 8.0 0.0
1549.004295334418 0.0 0.0 0.0 1.0 0.0 0.0 8.0 0.0
1550.0014129966228 0.0 0.0 0.0 1.0 0.0 0.0 8.0 0.0
1551.002644748611 0.0 0.0 0.0 1.0 0.0 0.0 8.0 0.0
1552.0043484296523 0.0 0.0 0.0 1.0 0.0 0.0 8.0 0.0
1553.0043484296523 0.0 0.0 0.0 1.0 0.0 0.0 8.0 0.0
1554.0043484296523 0.0 0.0 0.0 1.0 0.0 0.0 8.0 0.0
1555.0043484296523 0.0 0.0 0.0 1.0 0.0 0.0 8.0 0.0
1556.0043484296523 0.0 0.0 0.0 1.0 0.0 0.0 8.0 0.0
1557.0004725648816 0.0 0.0 0.0 1.0 0.0 0.0 8.0 0.0
1558.0043484296523 0.0 0.0 0.0 1.0 0.0 0.0 8.0 0.0
1559.0043484296523 0.0 0.0 0.0 1.0 0.0 0.0 8.0 0.0
1560.0043484296523 0.0 0.0 0.0 1.0 0.0 0.0 8.0 0.0
1561.0043484296523 0.0 0.0 0.0 1.0 0.0 0.0 8.0 0.0
1562.0043484296523 0.0 0.0 0.0 1.0 0.0 0.0 8.0 0.0
1563.0043484296523 0.0 0.0 0.0 1.0 0.0 0.0 8.0 0.0
1564.0017557219417 0.0 0.0 0.0 1.0 0.0 0.0 8.0 0.0
1565.0043484296523 0.0 0.0 0.0 1.0 0.0 0.0 8.0 0.0
1566.0043484296523 0.0 0.0 0.0 1.0 0.0 0.0 8.0 0.0
1567.0043484296523 0.0 0.0 0.0 1.0 0.0 0.0 8.0 0.0
1568.0004125036642 0.0 0.0 0.0 1.0 0.0 0.0 8.0 0.0
1569.0043484296523 0.0 0.0 0.0 1.0 0.0 0.0 8.0 0.0
1570.0017451901567 0.0 0.0 0.0 1.0 0.0 0.0 8.0 0.0
1571.0043484296523 0.0 0.0 0.0 1.0 0.0 0.0 8.0 0.0
1572.0043484296523 0.0 0.0 0.0 1.0 0.0 0.0 8.0 0.0
1573.0043484296523 0.0 0.0 0.0 1.0 0.0 0.0 8.0 0.0
1574.0043484296523 0.0 0.0 0.0 1.0 0.0 0.0 8.0 0.0
1575.0043484296523 0.0 0.0 0.0 1.0 0.0 0.0 8.0 0.0
1576.0043484296523 0.0 0.0 0.0 1.0 0.0 0.0 8.0 0.0
1577.0043484296523 0.0 0.0 0.0 1.0 0.0 0.0 8.0 0.0
1578.0043484296523 0.0 0.0 0.0 1.0 0.0 0.0 8.0 0.0
1579.0034000953722 0.0 0.0 0.0 1.0 0.0 0.0 8.0 0.0
1580.0043484296523 0.0 0.0 0.0 1.0 0.0 0.0 8.0 0.0
1581.0043484296523 0.0 0.0 0.0 1.0 0.0 0.0 8.0 0.0
1582.0043484296523 0.0 0.0 0.0 1.0 0.0 0.0 8.0 0.0
1583.0043484296523 0.0 0.0 0.0 1.0 0.0 0.0 8.0 0.0
1584.0043484296523 0.0 0.0 0.0 1.0 0.0 0.0 8.0 0.0
1585.001750956897 0.0 0.0 0.0 1.0 0.0 0.0 8.0 0.0
1586.0043484296523 0.0 0.0 0.0 1.0 0.0 0.0 8.0 0.0
1587.0043484296523 0.0 0.0 0.0 1.0 0.0 0.0 8.0 0.0
1588.0043484296523 0.0 0.0 0.0 1.0 0.0 0.0 8.0 0.0
1589.0043484296523 0.0 0.0 0.0 1.0 0.0 0.0 8.0 0.0
1590.0042920569256 0.0 0.0 0.0 1.0 0.0 0.0 8.0 0.0
1591.0043484296523 0.0 0.0 0.0 1.0 0.0 0.0 8.0 0.0
1592.0043484296523 0.0 0.0 0.0 1.0 0.0 0.0 8.0 0.0
1593.0043484296523 0.0 0.0 0.0 1.0 0.0 0.0 8.0 0.0
1594.0043484296523 0.0 0.0 0.0 1.0 0.0 0.0 8.0 0.0
1595.0043484296523 0.0 0.0 0.0 1.0 0.0 0.0 8.0 0.0
1596.0043484296523 0.0 0.0 0.0 1.0 0.0 0.0 8.0 0.0
1597.0043484296523 0.0 0.0 0.0 1.0 0.0 0.0 8.0 0.0
1598.0043484296523 0.0 0.0 0.0 1.0 0.0 0.0 8.0 0.0
1599.0037689269975 0.0 0.0 0.0 1.0 0.0 0.0 8.0 0.0
1600.0043484296523 0.0 0.0 0.0 1.0 0.0 0.0 8.0 0.0
1601.0043484296523 0.0 0.0 0.0 1.0 0.0 0.0 8.0 0.0
1602.0043484296523 0.0 0.0 0.0 1.0 0.0 0.0 8.0 0.0
1603.002038527948 0.0 0.0 0.0 1.0 0.0 0.0 8.0 0.0
1604.0043484296523 0.0 0.0 0.0 1.0 0.0 0.0 8.0 0.0
1605.0043484296523 0.0 0.0 0.0 1.0 0.0 0.0 8.0 0.0
1606.0038339110706 0.0 0.0 0.0 1.0 0.0 0.0 8.0 0.0
1607.0043484296523 0.0 0.0 0.0 1.0 0.0 0.0 8.0 0.0
1608.0043484296523 0.0 0.0 0.0 1.0 0.0 0.0 8.0 0.0
1609.0043484296523 0.0 0.0 0.0 1.0 0.0 0.0 8.0 0.0
1610.0043484296523 0.0 0.0 0.0 1.0 0.0 0.0 8.0 0.0
1611.0043484296523 0.0 0.0 0.0 1.0 0.0 0.0 8.0 0.0
1612.0043484296523 0.0 0.0 0.0 1.0 0.0 0.0 8.0 0.0
1613.0043484296523 0.0 0.0 0.0 1.0 0.0 0.0 8.0 0.0
1614.0022213049047 0.0 0.0 0.0 1.0 0.0 0.0 8.0 0.0
1615.0043484296523 0.0 0.0 0.0 1.0 0.0 0.0 8.0 0.0
1616.0043484296523 0.0 0.0 0.0 1.0 0.0 0.0 8.0 0.0
1617.0043484296523 0.0 0.0 0.0 1.0 0.0 0.0 8.0 0.0
1618.0043484296523 0.0 0.0 0.0 1.0 0.0 0.0 8.0 0.0
1619.0043484296523 0.0 0.0 0.0 1.0 0.0 0.0 8.0 0.0
1620.0043484296523 0.0 0.0 0.0 1.0 0.0 0.0 8.0 0.0
1621.0043484296523 0.0 0.0 0.0 1.0 0.0 0.0 8.0 0.0
1622.000277043206 0.0 0.0 0.0 1.0 0.0 0.0 8.0 0.0
1623.001233824044 0.0 0.0 0.0 1.0 0.0 0.0 8.0 0.0
1624.0043484296523 0.0 0.0 0.0 1.0 0.0 0.0 8.0 0.0
1625.0028983755185 0.0 0.0 0.0 1.0 0.0 0.0 8.0 0.0
1626.0020381827444 0.0 0.0 0.0 1.0 0.0 0.0 8.0 0.0
1627.0043484296523 0.0 0.0 0.0 1.0 0.0 0.0 8.0 0.0
1628.0043484296523 0.0 0.0 0.0 1.0 0.0 0.0 8.0 0.0
1629.0000348109627 0.0 0.0 0.0 1.0 0.0 0.0 8.0 0.0
1630.0043484296523 0.0 0.0 0.0 1.0 0.0 0.0 8.0 0.0
1631.0009506565932 0.0 0.0 0.0 1.0 0.0 0.0 8.0 0.0
1632.0043484296523 0.0 0.0 0.0 1.0 0.0 0.0 8.0 0.0
1633.0043484296523 0.0 0.0 0.0 1.0 0.0 0.0 8.0 0.0
1634.00399130388 0.0 0.0 0.0 1.0 0.0 0.0 8.0 0.0
1635.0043484296523 0.0 0.0 0.0 1.0 0.0 0.0 8.0 0.0
1636.0043484296523 0.0 0.0 0.0 1.0 0.0 0.0 8.0 0.0
1637.0043484296523 0.0 0.0 0.0 1.0 0.0 0.0 8.0 0.0
1638.00194239035 0.0 0.0 0.0 1.0 0.0 0.0 8.0 0.0
1639.0011293452637 0.0 0.0 0.0 1.0 0.0 0.0 8.0 0.0
1640.003100651119 0.0 0.0 0.0 1.0 0.0 0.0 8.0 0.0
1641.0043484296523 0.0 0.0 0.0 1.0 0.0 0.0 8.0 0.0
1642.0043484296523 0.0 0.0 0.0 1.0 0.0 0.0 8.0 0.0
1643.0043484296523 0.0 0.0 0.0 1.0 0.0 0.0 8.0 0.0
1644.0043484296523 0.0 0.0 0.0 1.0 0.0 0.0 8.0 0.0
1645.0016799183895 0.0 0.0 0.0 1.0 0.0 0.0 8.0 0.0
1646.0043484296523 0.0 0.0 0.0 1.0 0.0 0.0 8.0 0.0
1647.0043484296523 0.0 0.0 0.0 1.0 0.0 0.0 8.0 0.0
1648.0043484296523 0.0 0.0 0.0 1.0 0.0 0.0 8.0 0.0
1649.0043484296523 0.0 0.0 0.0 1.0 0.0 0.0 8.0 0.0
1650.0043484296523 0.0 0.0 0.0 1.0 0.0 0.0 8.0 0.0
1651.0043484296523 0.0 0.0 0.0 1.0 0.0 0.0 8.0 0.0
1652.0043484296523 0.0 0.0 0.0 1.0 0.0 0.0 8.0 0.0
1653.0043484296523 0.0 0.0 0.0 1.0 0.0 0.0 8.0 0.0
1654.0043484296523 0.0 0.0 0.0 1.0 0.0 0.0 8.0 0.0
1655.0043484296523 0.0 0.0 0.0 1.0 0.0 0.0 8.0 0.0
1656.0043484296523 0.0 0.0 0.0 1.0 0.0 0.0 8.0 0.0
1657.0043484296523 0.0 0.0 0.0 1.0 0.0 0.0 8.0 0.0
1658.0026572209108 0.0 0.0 0.0 1.0 0.0 0.0 8.0 0.0
1659.0043484296523 0.0 0.0 0.0 1.0 0.0 0.0 8.0 0.0
1660.0043484296523 0.0 0.0 0.0 1.0 0.0 0.0 8.0 0.0
1661.0043484296523 0.0 0.0 0.0 1.0 0.0 0.0 8.0 0.0
1662.0043484296523 0.0 0.0 0.0 1.0 0.0 0.0 8.0 0.0
1663.0043484296523 0.0 0.0 0.0 1.0 0.0 0.0 8.0 0.0
1664.0043484296523 0.0 0.0 0.0 1.0 0.0 0.0 8.0 0.0
1665.0039806529967 0.0 0.0 0.0 1.0 0.0 0.0 8.0 0.0
1666.0043484296523 0.0 0.0 0.0 1.0 0.0 0.0 8.0 0.0
1667.0043484296523 0.0 0.0 0.0 1.0 0.0 0.0 8.0 0.0
1668.0043484296523 0.0 0.0 0.0 1.0 0.0 0.0 8.0 0.0
1669.0040356949903 0.0 0.0 0.0 1.0 0.0 0.0 8.0 0.0
1670.0043484296523 0.0 0.0 0.0 1.0 0.0 0.0 8.0 0.0
1671.0006905597497 0.0 0.0 0.0 1.0 0.0 0.0 8.0 0.0
1672.0043484296523 0.0 0.0 0.0 1.0 0.0 0.0 8.0 0.0
1673.0043484296523 0.0 0.0 0.0 1.0 0.0 0.0 8.0 0.0
1674.0039425090695 0.0 0.0 0.0 1.0 0.0 0.0 8.0 0.0
1675.0025461207333 0.0 0.0 0.0 1.0 0.0 0.0 8.0 0.0
1676.0043484296523 0.0 0.0 0.0 1.0 0.0 0.0 8.0 0.0
1677.0043484296523 0.0 0.0 0.0 1.0 0.0 0.0 8.0 0.0
1678.0043484296523 0.0 0.0 0.0 1.0 0.0 0.0 8.0 0.0
1679.0043484296523 0.0 0.0 0.0 1.0 0.0 0.0 8.0 0.0
1680.0043484296523 0.0 0.0 0.0 1.0 0.0 0.0 8.0 0.0
1681.0016593328262 0.0 0.0 0.0 1.0 0.0 0.0 8.0 0.0
1682.0043484296523 0.0 0.0 0.0 1.0 0.0 0.0 8.0 0.0
1683.0003822794183 0.0 0.0 0.0 1.0 0.0 0.0 8.0 0.0
1684.0043484296523 0.0 0.0 0.0 1.0 0.0 0.0 8.0 0.0
1685.003605254056 0.0 0.0 0.0 1.0 0.0 0.0 8.0 0.0
1686.0043484296523 0.0 0.0 0.0 1.0 0.0 0.0 8.0 0.0
1687.0017936886484 0.0 0.0 0.0 1.0 0.0 0.0 8.0 0.0
1688.0043484296523 0.0 0.0 0.0 1.0 0.0 0.0 8.0 0.0
1689.001967465224 0.0 0.0 0.0 1.0 0.0 0.0 8.0 0.0
1690.0043484296523 0.0 0.0 0.0 1.0 0.0 0.0 8.0 0.0
1691.0043484296523 0.0 0.0 0.0 1.0 0.0 0.0 8.0 0.0
1692.0022258268607 0.0 0.0 0.0 1.0 0.0 0.0 8.0 0.0
1693.0043484296523 0.0 0.0 0.0 1.0 0.0 0.0 8.0 0.0
1694.0043484296523 0.0 0.0 0.0 1.0 0.0 0.0 8.0 0.0
1695.000509159335 0.0 0.0 0.0 1.0 0.0 0.0 8.0 0.0
1696.0043484296523 0.0 0.0 0.0 1.0 0.0 0.0 8.0 0.0
1697.0043484296523 0.0 0.0 0.0 1.0 0.0 0.0 8.0 0.0
1698.0043484296523 0.0 0.0 0.0 1.0 0.0 0.0 8.0 0.0
1699.0043484296523 0.0 0.0 0.0 1.0 0.0 0.0 8.0 0.0
1700.0005579348322 0.0 0.0 0.0 1.0 0.0 0.0 8.0 0.0
1701.0043484296523 0.0 0.0 0.0 1.0 0.0 0.0 8.0 0.0
1702.0043484296523 0.0 0.0 0.0 1.0 0.0 0.0 8.0 0.0
1703.0043484296523 0.0 0.0 0.0 1.0 0.0 0.0 8.0 0.0
1704.0043484296523 0.0 0.0 0.0 1.0 0.0 0.0 8.0 0.0
1705.0043484296523 0.0 0.0 0.0 1.0 0.0 0.0 8.0 0.0
1706.0043484296523 0.0 0.0 0.0 1.0 0.0 0.0 8.0 0.0
1707.001962306627 0.0 0.0 0.0 1.0 0.0 0.0 8.0 0.0
1708.0011860686213 0.0 0.0 0.0 1.0 0.0 0.0 8.0 0.0
1709.0043484296523 0.0 0.0 0.0 1.0 0.0 0.0 8.0 0.0
1710.000626796397 0.0 0.0 0.0 1.0 0.0 0.0 8.0 0.0
1711.0043484296523 0.0 0.0 0.0 1.0 0.0 0.0 8.0 0.0
1712.0043484296523 0.0 0.0 0.0 1.0 0.0 0.0 8.0 0.0
1713.0043484296523 0.0 0.0 0.0 1.0 0.0 0.0 8.0 0.0
1714.0031352370956 0.0 0.0 0.0 1.0 0.0 0.0 8.0 0.0
1715.0043484296523 0.0 0.0 0.0 1.0 0.0 0.0 8.0 0.0
1716.0025969351775 0.0 0.0 0.0 1.0 0.0 0.0 8.0 0.0
1717.0023359734996 0.0 0.0 0.0 1.0 0.0 0.0 8.0 0.0
1718.0043484296523 0.0 0.0 0.0 1.0 0.0 0.0 8.0 0.0
1719.0008790136328 0.0 0.0 0.0 1.0 0.0 0.0 8.0 0.0
1720.0005616228439 0.0 0.0 0.0 1.0 0.0 0.0 8.0 0.0
1721.0043484296523 0.0 0.0 0.0 1.0 0.0 0.0 8.0 0.0
1722.0043484296523 0.0 0.0 0.0 1.0 0.0 0.0 8.0 0.0
1723.0043484296523 0.0 0.0 0.0 1.0 0.0 0.0 8.0 0.0
1724.0007780918145 0.0 0.0 0.0 1.0 0.0 0.0 8.0 0.0
1725.0043484296523 0.0 0.0 0.0 1.0 0.0 0.0 8.0 0.0
1726.0025080879757 0.0 0.0 0.0 1.0 0.0 0.0 8.0 0.0
1727.002579679871 0.0 0.0 0.0 1.0 0.0 0.0 8.0 0.0
1728.0003973863118 0.0 0.0 0.0 1.0 0.0 0.0 8.0 0.0
1729.0043484296523 0.0 0.0 0.0 1.0 0.0 0.0 8.0 0.0
1730.0043484296523 0.0 0.0 0.0 1.0 0.0 0.0 8.0 0.0
1731.0043484296523 0.0 0.0 0.0 1.0 0.0 0.0 8.0 0.0
1732.0043484296523 0.0 0.0 0.0 1.0 0.0 0.0 8.0 0.0
1733.0043484296523 0.0 0.0 0.0 1.0 0.0 0.0 8.0 0.0
1734.0043484296523 0.0 0.0 0.0 1.0 0.0 0.0 8.0 0.0
1735.0043484296523 0.0 0.0 0.0 1.0 0.0 0.0 8.0 0.0
1736.0043484296523 0.0 0.0 0.0 1.0 0.0 0.0 8.0 0.0
1737.0043484296523 0.0 0.0 0.0 1.0 0.0 0.0 8.0 0.0
1738.003374130147 0.0 0.0 0.0 1.0 0.0 0.0 8.0 0.0
1739.0043484296523 0.0 0.0 0.0 1.0 0.0 0.0 8.0 0.0
1740.0043484296523 0.0 0.0 0.0 1.0 0.0 0.0 8.0 0.0
1741.0043484296523 0.0 0.0 0.0 1.0 0.0 0.0 8.0 0.0
1742.0009426518122 0.0 0.0 0.0 1.0 0.0 0.0 8.0 0.0
1743.0015343428772 0.0 0.0 0.0 1.0 0.0 0.0 8.0 0.0
1744.0043484296523 0.0 0.0 0.0 1.0 0.0 0.0 8.0 0.0
1745.0043484296523 0.0 0.0 0.0 1.0 0.0 0.0 8.0 0.0
1746.0043484296523 0.0 0.0 0.0 1.0 0.0 0.0 8.0 0.0
1747.001078112711 0.0 0.0 0.0 1.0 0.0 0.0 8.0 0.0
1748.0043484296523 0.0 0.0 0.0 1.0 0.0 0.0 8.0 0.0
1749.0043484296523 0.0 0.0 0.0 1.0 0.0 0.0 8.0 0.0
1750.0020847739197 0.0 0.0 0.0 1.0 0.0 0.0 8.0 0.0
1751.0043484296523 0.0 0.0 0.0 1.0 0.0 0.0 8.0 0.0
1752.0043484296523 0.0 0.0 0.0 1.0 0.0 0.0 8.0 0.0
1753.0043484296523 0.0 0.0 0.0 1.0 0.0 0.0 8.0 0.0
1754.0043484296523 0.0 0.0 0.0 1.0 0.0 0.0 8.0 0.0
1755.0023416154704 0.0 0.0 0.0 1.0 0.0 0.0 8.0 0.0
1756.0043484296523 0.0 0.0 0.0 1.0 0.0 0.0 8.0 0.0
1757.0043484296523 0.0 0.0 0.0 1.0 0.0 0.0 8.0 0.0
1758.0005083016597 0.0 0.0 0.0 1.0 0.0 0.0 8.0 0.0
1759.0043484296523 0.0 0.0 0.0 1.0 0.0 0.0 8.0 0.0
1760.0043484296523 0.0 0.0 0.0 1.0 0.0 0.0 8.0 0.0
1761.0011621008969 0.0 0.0 0.0 1.0 0.0 0.0 8.0 0.0
1762.0009857729156 0.0 0.0 0.0 1.0 0.0 0.0 8.0 0.0
1763.0025156547088 0.0 0.0 0.0 1.0 0.0 0.0 8.0 0.0
1764.0021551305117 0.0 0.0 0.0 1.0 0.0 0.0 8.0 0.0
1765.0043484296523 0.0 0.0 0.0 1.0 0.0 0.0 8.0 0.0
1766.0043484296523 0.0 0.0 0.0 1.0 0.0 0.0 8.0 0.0
1767.0043484296523 0.0 0.0 0.0 1.0 0.0 0.0 8.0 0.0
1768.003864479037 0.0 0.0 0.0 1.0 0.0 0.0 8.0 0.0
1769.0039235490701 0.0 0.0 0.0 1.0 0.0 0.0 8.0 0.0
1770.0016017426703 0.0 0.0 0.0 1.0 0.0 0.0 8.0 0.0
1771.0043484296523 0.0 0.0 0.0 1.0 0.0 0.0 8.0 0.0
1772.0043484296523 0.0 0.0 0.0 1.0 0.0 0.0 8.0 0.0
1773.0043484296523 0.0 0.0 0.0 1.0 0.0 0.0 8.0 0.0
1774.0043484296523 0.0 0.0 0.0 1.0 0.0 0.0 8.0 0.0
1775.0043484296523 0.0 0.0 0.0 1.0 0.0 0.0 8.0 0.0
1776.0031749344137 0.0 0.0 0.0 1.0 0.0 0.0 8.0 0.0
1777.0043484296523 0.0 0.0 0.0 1.0 0.0 0.0 8.0 0.0
1778.0043484296523 0.0 0.0 0.0 1.0 0.0 0.0 8.0 0.0
1779.0043484296523 0.0 0.0 0.0 1.0 0.0 0.0 8.0 0.0
1780.0043484296523 0.0 0.0 0.0 1.0 0.0 0.0 8.0 0.0
1781.0043484296523 0.0 0.0 0.0 1.0 0.0 0.0 8.0 0.0
1782.0043484296523 0.0 0.0 0.0 1.0 0.0 0.0 8.0 0.0
1783.0043484296523 0.0 0.0 0.0 1.0 0.0 0.0 8.0 0.0
1784.0043484296523 0.0 0.0 0.0 1.0 0.0 0.0 8.0 0.0
1785.0043484296523 0.0 0.0 0.0 1.0 0.0 0.0 8.0 0.0
1786.0043484296523 0.0 0.0 0.0 1.0 0.0 0.0 8.0 0.0
1787.0043484296523 0.0 0.0 0.0 1.0 0.0 0.0 8.0 0.0
1788.0043484296523 0.0 0.0 0.0 1.0 0.0 0.0 8.0 0.0
1789.0043484296523 0.0 0.0 0.0 1.0 0.0 0.0 8.0 0.0
1790.0010334357885 0.0 0.0 0.0 1.0 0.0 0.0 8.0 0.0
1791.0043484296523 0.0 0.0 0.0 1.0 0.0 0.0 8.0 0.0
1792.001105589058 0.0 0.0 0.0 1.0 0.0 0.0 8.0 0.0
1793.0029530953236 0.0 0.0 0.0 1.0 0.0 0.0 8.0 0.0
1794.0043484296523 0.0 0.0 0.0 1.0 0.0 0.0 8.0 0.0
1795.0015011534979 0.0 0.0 0.0 1.0 0.0 0.0 8.0 0.0
1796.0043484296523 0.0 0.0 0.0 1.0 0.0 0.0 8.0 0.0
1797.0043484296523 0.0 0.0 0.0 1.0 0.0 0.0 8.0 0.0
1798.0040849944999 0.0 0.0 0.0 1.0 0.0 0.0 8.0 0.0
1799.0043484296523 0.0 0.0 0.0 1.0 0.0 0.0 8.0 0.0
1800.0043484296523 0.0 0.0 0.0 1.0 0.0 0.0 8.0 0.0
1801.0043484296523 0.0 0.0 0.0 1.0 0.0 0.0 8.0 0.0
1802.0043484296523 0.0 0.0 0.0 1.0 0.0 0.0 8.0 0.0
1803.0042385805748 0.0 0.0 0.0 1.0 0.0 0.0 8.0 0.0
1804.0043484296523 0.0 0.0 0.0 1.0 0.0 0.0 8.0 0.0
1805.0043484296523 0.0 0.0 0.0 1.0 0.0 0.0 8.0 0.0
1806.0043484296523 0.0 0.0 0.0 1.0 0.0 0.0 8.0 0.0
1807.0043484296523 0.0 0.0 0.0 1.0 0.0 0.0 8.0 0.0
1808.0023575847724 0.0 0.0 0.0 1.0 0.0 0.0 8.0 0.0
1809.0024643933498 0.0 0.0 0.0 1.0 0.0 0.0 8.0 0.0
1810.0008565074736 0.0 0.0 0.0 1.0 0.0 0.0 8.0 0.0
1811.0043484296523 0.0 0.0 0.0 1.0 0.0 0.0 8.0 0.0
1812.001753698694 0.0 0.0 0.0 1.0 0.0 0.0 8.0 0.0
1813.0043484296523 0.0 0.0 0.0 1.0 0.0 0.0 8.0 0.0
1814.0043484296523 0.0 0.0 0.0 1.0 0.0 0.0 8.0 0.0
1815.0038157700073 0.0 0.0 0.0 1.0 0.0 0.0 8.0 0.0
1816.0043484296523 0.0 0.0 0.0 1.0 0.0 0.0 8.0 0.0
1817.0043484296523 0.0 0.0 0.0 1.0 0.0 0.0 8.0 0.0
1818.0043484296523 0.0 0.0 0.0 1.0 0.0 0.0 8.0 0.0
1819.0043484296523 0.0 0.0 0.0 1.0 0.0 0.0 8.0 0.0
1820.0043484296523 0.0 0.0 0.0 1.0 0.0 0.0 8.0 0.0
1821.0043484296523 0.0 0.0 0.0 1.0 0.0 0.0 8.0 0.0
1822.0043484296523 0.0 0.0 0.0 1.0 0.0 0.0 8.0 0.0
1823.0043484296523 0.0 0.0 0.0 1.0 0.0 0.0 8.0 0.0
1824.0043484296523 0.0 0.0 0.0 1.0 0.0 0.0 8.0 0.0
1825.0043484296523 0.0 0.0 0.0 1.0 0.0 0.0 8.0 0.0
1826.0018407430255 0.0 0.0 0.0 1.0 0.0 0.0 8.0 0.0
1827.0043484296523 0.0 0.0 0.0 1.0 0.0 0.0 8.0 0.0
1828.0029190589141 0.0 0.0 0.0 1.0 0.0 0.0 8.0 0.0
1829.0018997155228 0.0 0.0 0.0 1.0 0.0 0.0 8.0 0.0
1830.0043484296523 0.0 0.0 0.0 1.0 0.0 0.0 8.0 0.0
1831.0043484296523 0.0 0.0 0.0 1.0 0.0 0.0 8.0 0.0
1832.0043484296523 0.0 0.0 0.0 1.0 0.0 0.0 8.0 0.0
1833.0043484296523 0.0 0.0 0.0 1.0 0.0 0.0 8.0 0.0
1834.0043484296523 0.0 0.0 0.0 1.0 0.0 0.0 8.0 0.0
1835.0015561699922 0.0 0.0 0.0 1.0 0.0 0.0 8.0 0.0
1836.001797209226 0.0 0.0 0.0 1.0 0.0 0.0 8.0 0.0
1837.0043484296523 0.0 0.0 0.0 1.0 0.0 0.0 8.0 0.0
1838.0043484296523 0.0 0.0 0.0 1.0 0.0 0.0 8.0 0.0
1839.0043484296523 0.0 0.0 0.0 1.0 0.0 0.0 8.0 0.0
1840.0043484296523 0.0 0.0 0.0 1.0 0.0 0.0 8.0 0.0
1841.0043484296523 0.0 0.0 0.0 1.0 0.0 0.0 8.0 0.0
1842.003658210852 0.0 0.0 0.0 1.0 0.0 0.0 8.0 0.0
1843.0043484296523 0.0 0.0 0.0 1.0 0.0 0.0 8.0 0.0
1844.0004931404574 0.0 0.0 0.0 1.0 0.0 0.0 8.0 0.0
1845.0043484296523 0.0 0.0 0.0 1.0 0.0 0.0 8.0 0.0
1846.003245110816 0.0 0.0 0.0 1.0 0.0 0.0 8.0 0.0
1847.00397403322 0.0 0.0 0.0 1.0 0.0 0.0 8.0 0.0
1848.0043484296523 0.0 0.0 0.0 1.0 0.0 0.0 8.0 0.0
1849.003317168548 0.0 0.0 0.0 1.0 0.0 0.0 8.0 0.0
1850.0043484296523 0.0 0.0 0.0 1.0 0.0 0.0 8.0 0.0
1851.0043484296523 0.0 0.0 0.0 1.0 0.0 0.0 8.0 0.0
1852.0043484296523 0.0 0.0 0.0 1.0 0.0 0.0 8.0 0.0
1853.0043484296523 0.0 0.0 0.0 1.0 0.0 0.0 8.0 0.0
1854.000966402553 0.0 0.0 0.0 1.0 0.0 0.0 8.0 0.0
1855.0043484296523 0.0 0.0 0.0 1.0 0.0 0.0 8.0 0.0
1856.0043484296523 0.0 0.0 0.0 1.0 0.0 0.0 8.0 0.0
1857.0043484296523 0.0 0.0 0.0 1.0 0.0 0.0 8.0 0.0
1858.0043484296523 0.0 0.0 0.0 1.0 0.0 0.0 8.0 0.0
1859.0043484296523 0.0 0.0 0.0 1.0 0.0 0.0 8.0 0.0
1860.0009141159826 0.0 0.0 0.0 1.0 0.0 0.0 8.0 0.0
1861.0043484296523 0.0 0.0 0.0 1.0 0.0 0.0 8.0 0.0
1862.000896944865 0.0 0.0 0.0 1.0 0.0 0.0 8.0 0.0
1863.0043484296523 0.0 0.0 0.0 1.0 0.0 0.0 8.0 0.0
1864.003516784356 0.0 0.0 0.0 1.0 0.0 0.0 8.0 0.0
1865.0043484296523 0.0 0.0 0.0 1.0 0.0 0.0 8.0 0.0
1866.0043484296523 0.0 0.0 0.0 1.0 0.0 0.0 8.0 0.0
1867.0024720035808 0.0 0.0 0.0 1.0 0.0 0.0 8.0 0.0
1868.0011676858405 0.0 0.0 0.0 1.0 0.0 0.0 8.0 0.0
1869.0043484296523 0.0 0.0 0.0 1.0 0.0 0.0 8.0 0.0
1870.0043484296523 0.0 0.0 0.0 1.0 0.0 0.0 8.0 0.0
1871.0043484296523 0.0 0.0 0.0 1.0 0.0 0.0 8.0 0.0
1872.0043484296523 0.0 0.0 0.0 1.0 0.0 0.0 8.0 0.0
1873.0043484296523 0.0 0.0 0.0 1.0 0.0 0.0 8.0 0.0
1874.0043484296523 0.0 0.0 0.0 1.0 0.0 0.0 8.0 0.0
1875.0043484296523 0.0 0.0 0.0 1.0 0.0 0.0 8.0 0.0
1876.0043484296523 0.0 0.0 0.0 1.0 0.0 0.0 8.0 0.0
1877.002440916857 0.0 0.0 0.0 1.0 0.0 0.0 8.0 0.0
1878.0043484296523 0.0 0.0 0.0 1.0 0.0 0.0 8.0 0.0
1879.0043484296523 0.0 0.0 0.0 1.0 0.0 0.0 8.0 0.0
1880.0043484296523 0.0 0.0 0.0 1.0 0.0 0.0 8.0 0.0
1881.0019526946026 0.0 0.0 0.0 1.0 0.0 0.0 8.0 0.0
1882.0043484296523 0.0 0.0 0.0 1.0 0.0 0.0 8.0 0.0
1883.0043484296523 0.0 0.0 0.0 1.0 0.0 0.0 8.0 0.0
1884.0043484296523 0.0 0.0 0.0 1.0 0.0 0.0 8.0 0.0
1885.0043484296523 0.0 0.0 0.0 1.0 0.0 0.0 8.0 0.0
1886.0043484296523 0.0 0.0 0.0 1.0 0.0 0.0 8.0 0.0
1887.0019868758002 0.0 0.0 0.0 1.0 0.0 0.0 8.0 0.0
1888.0043484296523 0.0 0.0 0.0 1.0 0.0 0.0 8.0 0.0
1889.0043484296523 0.0 0.0 0.0 1.0 0.0 0.0 8.0 0.0
1890.0043484296523 0.0 0.0 0.0 1.0 0.0 0.0 8.0 0.0
1891.0043484296523 0.0 0.0 0.0 1.0 0.0 0.0 8.0 0.0
1892.0043484296523 0.0 0.0 0.0 1.0 0.0 0.0 8.0 0.0
1893.001729870153 0.0 0.0 0.0 1.0 0.0 0.0 8.0 0.0
1894.002659596276 0.0 0.0 0.0 1.0 0.0 0.0 8.0 0.0
1895.0043484296523 0.0 0.0 0.0 1.0 0.0 0.0 8.0 0.0
1896.0043484296523 0.0 0.0 0.0 1.0 0.0 0.0 8.0 0.0
1897.0043484296523 0.0 0.0 0.0 1.0 0.0 0.0 8.0 0.0
1898.0043484296523 0.0 0.0 0.0 1.0 0.0 0.0 8.0 0.0
1899.0043484296523 0.0 0.0 0.0 1.0 0.0 0.0 8.0 0.0
1900.0043484296523 0.0 0.0 0.0 1.0 0.0 0.0 8.0 0.0
1901.0043484296523 0.0 0.0 0.0 1.0 0.0 0.0 8.0 0.0
1902.001177441946 0.0 0.0 0.0 1.0 0.0 0.0 8.0 0.0
1903.0043484296523 0.0 0.0 0.0 1.0 0.0 0.0 8.0 0.0
1904.0004325104703 0.0 0.0 0.0 1.0 0.0 0.0 8.0 0.0
1905.0043484296523 0.0 0.0 0.0 1.0 0.0 0.0 8.0 0.0
1906.0015471665158 0.0 0.0 0.0 1.0 0.0 0.0 8.0 0.0
1907.0025526734346 0.0 0.0 0.0 1.0 0.0 0.0 8.0 0.0
1908.0030608137442 0.0 0.0 0.0 1.0 0.0 0.0 8.0 0.0
1909.0043484296523 0.0 0.0 0.0 1.0 0.0 0.0 8.0 0.0
1910.0043484296523 0.0 0.0 0.0 1.0 0.0 0.0 8.0 0.0
1911.0043484296523 0.0 0.0 0.0 1.0 0.0 0.0 8.0 0.0
1912.0043484296523 0.0 0.0 0.0 1.0 0.0 0.0 8.0 0.0
1913.0043484296523 0.0 0.0 0.0 1.0 0.0 0.0 8.0 0.0
1914.0043484296523 0.0 0.0 0.0 1.0 0.0 0.0 8.0 0.0
1915.0043484296523 0.0 0.0 0.0 1.0 0.0 0.0 8.0 0.0
1916.0005985784805 0.0 0.0 0.0 1.0 0.0 0.0 8.0 0.0
1917.0043484296523 0.0 0.0 0.0 1.0 0.0 0.0 8.0 0.0
1918.0043484296523 0.0 0.0 0.0 1.0 0.0 0.0 8.0 0.0
1919.0043484296523 0.0 0.0 0.0 1.0 0.0 0.0 8.0 0.0
1920.0043484296523 0.0 0.0 0.0 1.0 0.0 0.0 8.0 0.0
1921.0043484296523 0.0 0.0 0.0 1.0 0.0 0.0 8.0 0.0
1922.0043484296523 0.0 0.0 0.0 1.0 0.0 0.0 8.0 0.0
1923.0043484296523 0.0 0.0 0.0 1.0 0.0 0.0 8.0 0.0
1924.0043484296523 0.0 0.0 0.0 1.0 0.0 0.0 8.0 0.0
1925.0043484296523 0.0 0.0 0.0 1.0 0.0 0.0 8.0 0.0
1926.0043484296523 0.0 0.0 0.0 1.0 0.0 0.0 8.0 0.0
1927.0011679011172 0.0 0.0 0.0 1.0 0.0 0.0 8.0 0.0
1928.0043484296523 0.0 0.0 0.0 1.0 0.0 0.0 8.0 0.0
1929.0043484296523 0.0 0.0 0.0 1.0 0.0 0.0 8.0 0.0
1930.0043484296523 0.0 0.0 0.0 1.0 0.0 0.0 8.0 0.0
1931.0043484296523 0.0 0.0 0.0 1.0 0.0 0.0 8.0 0.0
1932.0043484296523 0.0 0.0 0.0 1.0 0.0 0.0 8.0 0.0
1933.0043484296523 0.0 0.0 0.0 1.0 0.0 0.0 8.0 0.0
1934.0043484296523 0.0 0.0 0.0 1.0 0.0 0.0 8.0 0.0
1935.0043484296523 0.0 0.0 0.0 1.0 0.0 0.0 8.0 0.0
1936.0043484296523 0.0 0.0 0.0 1.0 0.0 0.0 8.0 0.0
1937.0043484296523 0.0 0.0 0.0 1.0 0.0 0.0 8.0 0.0
1938.0043484296523 0.0 0.0 0.0 1.0 0.0 0.0 8.0 0.0
1939.0043484296523 0.0 0.0 0.0 1.0 0.0 0.0 8.0 0.0
1940.0043484296523 0.0 0.0 0.0 1.0 0.0 0.0 8.0 0.0
1941.0043484296523 0.0 0.0 0.0 1.0 0.0 0.0 8.0 0.0
1942.0043484296523 0.0 0.0 0.0 1.0 0.0 0.0 8.0 0.0
1943.0019279801766 0.0 0.0 0.0 1.0 0.0 0.0 8.0 0.0
1944.0043484296523 0.0 0.0 0.0 1.0 0.0 0.0 8.0 0.0
1945.0043484296523 0.0 0.0 0.0 1.0 0.0 0.0 8.0 0.0
1946.0043484296523 0.0 0.0 0.0 1.0 0.0 0.0 8.0 0.0
1947.0043484296523 0.0 0.0 0.0 1.0 0.0 0.0 8.0 0.0
1948.0043484296523 0.0 0.0 0.0 1.0 0.0 0.0 8.0 0.0
1949.0043484296523 0.0 0.0 0.0 1.0 0.0 0.0 8.0 0.0
1950.0043484296523 0.0 0.0 0.0 1.0 0.0 0.0 8.0 0.0
1951.0043484296523 0.0 0.0 0.0 1.0 0.0 0.0 8.0 0.0
1952.0043484296523 0.0 0.0 0.0 1.0 0.0 0.0 8.0 0.0
1953.0043484296523 0.0 0.0 0.0 1.0 0.0 0.0 8.0 0.0
1954.003566854949 0.0 0.0 0.0 1.0 0.0 0.0 8.0 0.0
1955.0037624173121 0.0 0.0 0.0 1.0 0.0 0.0 8.0 0.0
1956.0043484296523 0.0 0.0 0.0 1.0 0.0 0.0 8.0 0.0
1957.0043484296523 0.0 0.0 0.0 1.0 0.0 0.0 8.0 0.0
1958.0043484296523 0.0 0.0 0.0 1.0 0.0 0.0 8.0 0.0
1959.0043484296523 0.0 0.0 0.0 1.0 0.0 0.0 8.0 0.0
1960.001817248651 0.0 0.0 0.0 1.0 0.0 0.0 8.0 0.0
1961.0043484296523 0.0 0.0 0.0 1.0 0.0 0.0 8.0 0.0
1962.0030292525848 0.0 0.0 0.0 1.0 0.0 0.0 8.0 0.0
1963.00100142767 0.0 0.0 0.0 1.0 0.0 0.0 8.0 0.0
1964.0043484296523 0.0 0.0 0.0 1.0 0.0 0.0 8.0 0.0
1965.0043484296523 0.0 0.0 0.0 1.0 0.0 0.0 8.0 0.0
1966.0043484296523 0.0 0.0 0.0 1.0 0.0 0.0 8.0 0.0
1967.0024605136775 0.0 0.0 0.0 1.0 0.0 0.0 8.0 0.0
1968.001026234083 0.0 0.0 0.0 1.0 0.0 0.0 8.0 0.0
1969.0043484296523 0.0 0.0 0.0 1.0 0.0 0.0 8.0 0.0
1970.0039602502104 0.0 0.0 0.0 1.0 0.0 0.0 8.0 0.0
1971.0043484296523 0.0 0.0 0.0 1.0 0.0 0.0 8.0 0.0
1972.0043484296523 0.0 0.0 0.0 1.0 0.0 0.0 8.0 0.0
1973.0043484296523 0.0 0.0 0.0 1.0 0.0 0.0 8.0 0.0
1974.0043484296523 0.0 0.0 0.0 1.0 0.0 0.0 8.0 0.0
1975.0043484296523 0.0 0.0 0.0 1.0 0.0 0.0 8.0 0.0
1976.0043484296523 0.0 0.0 0.0 1.0 0.0 0.0 8.0 0.0
1977.0021043223542 0.0 0.0 0.0 1.0 0.0 0.0 8.0 0.0
1978.0038699885074 0.0 0.0 0.0 1.0 0.0 0.0 8.0 0.0
1979.002331731301 0.0 0.0 0.0 1.0 0.0 0.0 8.0 0.0
1980.0042899932619 0.0 0.0 0.0 1.0 0.0 0.0 8.0 0.0
1981.000424400775 0.0 0.0 0.0 1.0 0.0 0.0 8.0 0.0
1982.0043484296523 0.0 0.0 0.0 1.0 0.0 0.0 8.0 0.0
1983.0016857403482 0.0 0.0 0.0 1.0 0.0 0.0 8.0 0.0
1984.0043484296523 0.0 0.0 0.0 1.0 0.0 0.0 8.0 0.0
1985.0034935643178 0.0 0.0 0.0 1.0 0.0 0.0 8.0 0.0
1986.0043484296523 0.0 0.0 0.0 1.0 0.0 0.0 8.0 0.0
1987.0043484296523 0.0 0.0 0.0 1.0 0.0 0.0 8.0 0.0
1988.0043484296523 0.0 0.0 0.0 1.0 0.0 0.0 8.0 0.0
1989.0025968795803 0.0 0.0 0.0 1.0 0.0 0.0 8.0 0.0
1990.0043484296523 0.0 0.0 0.0 1.0 0.0 0.0 8.0 0.0
1991.0043484296523 0.0 0.0 0.0 1.0 0.0 0.0 8.0 0.0
1992.0043484296523 0.0 0.0 0.0 1.0 0.0 0.0 8.0 0.0
1993.0024673232717 0.0 0.0 0.0 1.0 0.0 0.0 8.0 0.0
1994.0043484296523 0.0 0.0 0.0 1.0 0.0 0.0 8.0 0.0
1995.0043484296523 0.0 0.0 0.0 1.0 0.0 0.0 8.0 0.0
1996.0043484296523 0.0 0.0 0.0 1.0 0.0 0.0 8.0 0.0
1997.0043484296523 0.0 0.0 0.0 1.0 0.0 0.0 8.0 0.0
1998.0043484296523 0.0 0.0 0.0 1.0 0.0 0.0 8.0 0.0
1999.0043484296523 0.0 0.0 0.0 1.0 0.0 0.0 8.0 0.0
2000.0043484296523 0.0 0.0 0.0 1.0 0.0 0.0 8.0 0.0
2001.0043484296523 0.0 0.0 0.0 1.0 0.0 0.0 8.0 0.0
2002.0017025947664 0.0 0.0 0.0 1.0 0.0 0.0 8.0 0.0
2003.0043484296523 0.0 0.0 0.0 1.0 0.0 0.0 8.0 0.0
2004.0043484296523 0.0 0.0 0.0 1.0 0.0 0.0 8.0 0.0
2005.0043484296523 0.0 0.0 0.0 1.0 0.0 0.0 8.0 0.0
2006.0043484296523 0.0 0.0 0.0 1.0 0.0 0.0 8.0 0.0
2007.000273434511 0.0 0.0 0.0 1.0 0.0 0.0 8.0 0.0
2008.0002568560699 0.0 0.0 0.0 1.0 0.0 0.0 8.0 0.0
2009.0021005480714 0.0 0.0 0.0 1.0 0.0 0.0 8.0 0.0
2010.0043484296523 0.0 0.0 0.0 1.0 0.0 0.0 8.0 0.0
2011.0014913456482 0.0 0.0 0.0 1.0 0.0 0.0 8.0 0.0
2012.0043484296523 0.0 0.0 0.0 1.0 0.0 0.0 8.0 0.0
2013.0043484296523 0.0 0.0 0.0 1.0 0.0 0.0 8.0 0.0
2014.003081665976 0.0 0.0 0.0 1.0 0.0 0.0 8.0 0.0
2015.0043484296523 0.0 0.0 0.0 1.0 0.0 0.0 8.0 0.0
2016.0043484296523 0.0 0.0 0.0 1.0 0.0 0.0 8.0 0.0
2017.0043484296523 0.0 0.0 0.0 1.0 0.0 0.0 8.0 0.0
2018.0021825807974 0.0 0.0 0.0 1.0 0.0 0.0 8.0 0.0
2019.0043484296523 0.0 0.0 0.0 1.0 0.0 0.0 8.0 0.0
2020.0043484296523 0.0 0.0 0.0 1.0 0.0 0.0 8.0 0.0
2021.0043484296523 0.0 0.0 0.0 1.0 0.0 0.0 8.0 0.0
2022.0043484296523 0.0 0.0 0.0 1.0 0.0 0.0 8.0 0.0
2023.0043484296523 0.0 0.0 0.0 1.0 0.0 0.0 8.0 0.0
2024.0022918698323 0.0 0.0 0.0 1.0 0.0 0.0 8.0 0.0
2025.0043484296523 0.0 0.0 0.0 1.0 0.0 0.0 8.0 0.0
2026.0043484296523 0.0 0.0 0.0 1.0 0.0 0.0 8.0 0.0
2027.0043484296523 0.0 0.0 0.0 1.0 0.0 0.0 8.0 0.0
2028.0043484296523 0.0 0.0 0.0 1.0 0.0 0.0 8.0 0.0
2029.0038179808917 0.0 0.0 0.0 1.0 0.0 0.0 8.0 0.0
2030.0043484296523 0.0 0.0 0.0 1.0 0.0 0.0 8.0 0.0
2031.0040127180162 0.0 0.0 0.0 1.0 0.0 0.0 8.0 0.0
2032.0009727520523 0.0 0.0 0.0 1.0 0.0 0.0 8.0 0.0
2033.0043484296523 0.0 0.0 0.0 1.0 0.0 0.0 8.0 0.0
2034.000163203788 0.0 0.0 0.0 1.0 0.0 0.0 8.0 0.0
2035.0043484296523 0.0 0.0 0.0 1.0 0.0 0.0 8.0 0.0
2036.0043484296523 0.0 0.0 0.0 1.0 0.0 0.0 8.0 0.0
2037.0043484296523 0.0 0.0 0.0 1.0 0.0 0.0 8.0 0.0
2038.0001554052787 0.0 0.0 0.0 1.0 0.0 0.0 8.0 0.0
2039.0043097821986 0.0 0.0 0.0 1.0 0.0 0.0 8.0 0.0
2040.0009494066298 0.0 0.0 0.0 1.0 0.0 0.0 8.0 0.0
2041.0043484296523 0.0 0.0 0.0 1.0 0.0 0.0 8.0 0.0
2042.0026089402966 0.0 0.0 0.0 1.0 0.0 0.0 8.0 0.0
2043.0002494767973 0.0 0.0 0.0 1.0 0.0 0.0 8.0 0.0
2044.0043484296523 0.0 0.0 0.0 1.0 0.0 0.0 8.0 0.0
2045.0043484296523 0.0 0.0 0.0 1.0 0.0 0.0 8.0 0.0
2046.0012680176928 0.0 0.0 0.0 1.0 0.0 0.0 8.0 0.0
2047.0043484296523 0.0 0.0 0.0 1.0 0.0 0.0 8.0 0.0
2048.004348429652 0.0 0.0 0.0 1.0 0.0 0.0 8.0 0.0
2049.004348429652 0.0 0.0 0.0 1.0 0.0 0.0 8.0 0.0
2050.004348429652 0.0 0.0 0.0 1.0 0.0 0.0 8.0 0.0
2051.004348429652 0.0 0.0 0.0 1.0 0.0 0.0 8.0 0.0
2052.004348429652 0.0 0.0 0.0 1.0 0.0 0.0 8.0 0.0
2053.001877582002 0.0 0.0 0.0 1.0 0.0 0.0 8.0 0.0
2054.004027978458 0.0 0.0 0.0 1.0 0.0 0.0 8.0 0.0
2055.004348429652 0.0 0.0 0.0 1.0 0.0 0.0 8.0 0.0
2056.004348429652 0.0 0.0 0.0 1.0 0.0 0.0 8.0 0.0
2057.004348429652 0.0 0.0 0.0 1.0 0.0 0.0 8.0 0.0
2058.004348429652 0.0 0.0 0.0 1.0 0.0 0.0 8.0 0.0
2059.004348429652 0.0 0.0 0.0 1.0 0.0 0.0 8.0 0.0
2060.004348429652 0.0 0.0 0.0 1.0 0.0 0.0 8.0 0.0
2061.0002273015384 0.0 0.0 0.0 1.0 0.0 0.0 8.0 0.0
2062.004348429652 0.0 0.0 0.0 1.0 0.0 0.0 8.0 0.0
2063.004348429652 0.0 0.0 0.0 1.0 0.0 0.0 8.0 0.0
2064.004348429652 0.0 0.0 0.0 1.0 0.0 0.0 8.0 0.0
2065.004348429652 0.0 0.0 0.0 1.0 0.0 0.0 8.0 0.0
2066.004348429652 0.0 0.0 0.0 1.0 0.0 0.0 8.0 0.0
2067.0028026599416 0.0 0.0 0.0 1.0 0.0 0.0 8.0 0.0
2068.004348429652 0.0 0.0 0.0 1.0 0.0 0.0 8.0 0.0
2069.004348429652 0.0 0.0 0.0 1.0 0.0 0.0 8.0 0.0
2070.004348429652 0.0 0.0 0.0 1.0 0.0 0.0 8.0 0.0
2071.004348429652 0.0 0.0 0.0 1.0 0.0 0.0 8.0 0.0
2072.004348429652 0.0 0.0 0.0 1.0 0.0 0.0 8.0 0.0
2073.004348429652 0.0 0.0 0.0 1.0 0.0 0.0 8.0 0.0
2074.004348429652 0.0 0.0 0.0 1.0 0.0 0.0 8.0 0.0
2075.0027892847097 0.0 0.0 0.0 1.0 0.0 0.0 8.0 0.0
2076.004348429652 0.0 0.0 0.0 1.0 0.0 0.0 8.0 0.0
2077.001027831319 0.0 0.0 0.0 1.0 0.0 0.0 8.0 0.0
2078.004348429652 0.0 0.0 0.0 1.0 0.0 0.0 8.0 0.0
2079.004348429652 0.0 0.0 0.0 1.0 0.0 0.0 8.0 0.0
2080.000890207329 0.0 0.0 0.0 1.0 0.0 0.0 8.0 0.0
2081.004348429652 0.0 0.0 0.0 1.0 0.0 0.0 8.0 0.0
2082.004348429652 0.0 0.0 0.0 1.0 0.0 0.0 8.0 0.0
2083.004348429652 0.0 0.0 0.0 1.0 0.0 0.0 8.0 0.0
2084.004348429652 0.0 0.0 0.0 1.0 0.0 0.0 8.0 0.0
2085.003135361457 0.0 0.0 0.0 1.0 0.0 0.0 8.0 0.0
2086.0024283731746 0.0 0.0 0.0 1.0 0.0 0.0 8.0 0.0
2087.0018605600603 0.0 0.0 0.0 1.0 0.0 0.0 8.0 0.0
2088.002362657485 0.0 0.0 0.0 1.0 0.0 0.0 8.0 0.0
2089.0042894803055 0.0 0.0 0.0 1.0 0.0 0.0 8.0 0.0
2090.0041187230636 0.0 0.0 0.0 1.0 0.0 0.0 8.0 0.0
2091.0016511399285 0.0 0.0 0.0 1.0 0.0 0.0 8.0 0.0
2092.004348429652 0.0 0.0 0.0 1.0 0.0 0.0 8.0 0.0
2093.000486044462 0.0 0.0 0.0 1.0 0.0 0.0 8.0 0.0
2094.004348429652 0.0 0.0 0.0 1.0 0.0 0.0 8.0 0.0
2095.004348429652 0.0 0.0 0.0 1.0 0.0 0.0 8.0 0.0
2096.004348429652 0.0 0.0 0.0 1.0 0.0 0.0 8.0 0.0
2097.004348429652 0.0 0.0 0.0 1.0 0.0 0.0 8.0 0.0
2098.004348429652 0.0 0.0 0.0 1.0 0.0 0.0 8.0 0.0
2099.004348429652 0.0 0.0 0.0 1.0 0.0 0.0 8.0 0.0
2100.0006124080924 0.0 0.0 0.0 1.0 0.0 0.0 8.0 0.0
2101.004348429652 0.0 0.0 0.0 1.0 0.0 0.0 8.0 0.0
2102.0005109096405 0.0 0.0 0.0 1.0 0.0 0.0 8.0 0.0
2103.004348429652 0.0 0.0 0.0 1.0 0.0 0.0 8.0 0.0
2104.004348429652 0.0 0.0 0.0 1.0 0.0 0.0 8.0 0.0
2105.004348429652 0.0 0.0 0.0 1.0 0.0 0.0 8.0 0.0
2106.004348429652 0.0 0.0 0.0 1.0 0.0 0.0 8.0 0.0
2107.004348429652 0.0 0.0 0.0 1.0 0.0 0.0 8.0 0.0
2108.004348429652 0.0 0.0 0.0 1.0 0.0 0.0 8.0 0.0
2109.004348429652 0.0 0.0 0.0 1.0 0.0 0.0 8.0 0.0
2110.004348429652 0.0 0.0 0.0 1.0 0.0 0.0 8.0 0.0
2111.0009565895684 0.0 0.0 0.0 1.0 0.0 0.0 8.0 0.0
2112.004348429652 0.0 0.0 0.0 1.0 0.0 0.0 8.0 0.0
2113.004348429652 0.0 0.0 0.0 1.0 0.0 0.0 8.0 0.0
2114.004348429652 0.0 0.0 0.0 1.0 0.0 0.0 8.0 0.0
2115.000821223247 0.0 0.0 0.0 1.0 0.0 0.0 8.0 0.0
2116.004348429652 0.0 0.0 0.0 1.0 0.0 0.0 8.0 0.0
2117.004348429652 0.0 0.0 0.0 1.0 0.0 0.0 8.0 0.0
2118.000297374544 0.0 0.0 0.0 1.0 0.0 0.0 8.0 0.0
2119.003830224255 0.0 0.0 0.0 1.0 0.0 0.0 8.0 0.0
2120.000144005154 0.0 0.0 0.0 1.0 0.0 0.0 8.0 0.0
2121.004348429652 0.0 0.0 0.0 1.0 0.0 0.0 8.0 0.0
2122.004348429652 0.0 0.0 0.0 1.0 0.0 0.0 8.0 0.0
2123.004348429652 0.0 0.0 0.0 1.0 0.0 0.0 8.0 0.0
2124.004348429652 0.0 0.0 0.0 1.0 0.0 0.0 8.0 0.0
2125.0032074493383 0.0 0.0 0.0 1.0 0.0 0.0 8.0 0.0
2126.004348429652 0.0 0.0 0.0 1.0 0.0 0.0 8.0 0.0
2127.004348429652 0.0 0.0 0.0 1.0 0.0 0.0 8.0 0.0
2128.0022259551743 0.0 0.0 0.0 1.0 0.0 0.0 8.0 0.0
2129.004348429652 0.0 0.0 0.0 1.0 0.0 0.0 8.0 0.0
2130.004348429652 0.0 0.0 0.0 1.0 0.0 0.0 8.0 0.0
2131.001846195922 0.0 0.0 0.0 1.0 0.0 0.0 8.0 0.0
2132.004348429652 0.0 0.0 0.0 1.0 0.0 0.0 8.0 0.0
2133.004348429652 0.0 0.0 0.0 1.0 0.0 0.0 8.0 0.0
2134.0031757354695 0.0 0.0 0.0 1.0 0.0 0.0 8.0 0.0
2135.004348429652 0.0 0.0 0.0 1.0 0.0 0.0 8.0 0.0
2136.004348429652 0.0 0.0 0.0 1.0 0.0 0.0 8.0 0.0
2137.004348429652 0.0 0.0 0.0 1.0 0.0 0.0 8.0 0.0
2138.004348429652 0.0 0.0 0.0 1.0 0.0 0.0 8.0 0.0
2139.004348429652 0.0 0.0 0.0 1.0 0.0 0.0 8.0 0.0
2140.004348429652 0.0 0.0 0.0 1.0 0.0 0.0 8.0 0.0
2141.0038103962856 0.0 0.0 0.0 1.0 0.0 0.0 8.0 0.0
2142.004348429652 0.0 0.0 0.0 1.0 0.0 0.0 8.0 0.0
2143.004348429652 0.0 0.0 0.0 1.0 0.0 0.0 8.0 0.0
2144.004348429652 0.0 0.0 0.0 1.0 0.0 0.0 8.0 0.0
2145.004348429652 0.0 0.0 0.0 1.0 0.0 0.0 8.0 0.0
2146.0041829432857 0.0 0.0 0.0 1.0 0.0 0.0 8.0 0.0
2147.004348429652 0.0 0.0 0.0 1.0 0.0 0.0 8.0 0.0
2148.0016917601315 0.0 0.0 0.0 1.0 0.0 0.0 8.0 0.0
2149.004348429652 0.0 0.0 0.0 1.0 0.0 0.0 8.0 0.0
2150.004348429652 0.0 0.0 0.0 1.0 0.0 0.0 8.0 0.0
2151.00112205802 0.0 0.0 0.0 1.0 0.0 0.0 8.0 0.0
2152.004348429652 0.0 0.0 0.0 1.0 0.0 0.0 8.0 0.0
2153.004348429652 0.0 0.0 0.0 1.0 0.0 0.0 8.0 0.0
2154.004348429652 0.0 0.0 0.0 1.0 0.0 0.0 8.0 0.0
2155.004348429652 0.0 0.0 0.0 1.0 0.0 0.0 8.0 0.0
2156.004348429652 0.0 0.0 0.0 1.0 0.0 0.0 8.0 0.0
2157.002998448675 0.0 0.0 0.0 1.0 0.0 0.0 8.0 0.0
2158.004348429652 0.0 0.0 0.0 1.0 0.0 0.0 8.0 0.0
2159.0019674689484 0.0 0.0 0.0 1.0 0.0 0.0 8.0 0.0
2160.004348429652 0.0 0.0 0.0 1.0 0.0 0.0 8.0 0.0
2161.00049559001 0.0 0.0 0.0 1.0 0.0 0.0 8.0 0.0
2162.0029965384338 0.0 0.0 0.0 1.0 0.0 0.0 8.0 0.0
2163.000543312551 0.0 0.0 0.0 1.0 0.0 0.0 8.0 0.0
2164.000722323889 0.0 0.0 0.0 1.0 0.0 0.0 8.0 0.0
2165.0014199352113 0.0 0.0 0.0 1.0 0.0 0.0 8.0 0.0
2166.004348429652 0.0 0.0 0.0 1.0 0.0 0.0 8.0 0.0
2167.000679277173 0.0 0.0 0.0 1.0 0.0 0.0 8.0 0.0
2168.0010450047967 0.0 0.0 0.0 1.0 0.0 0.0 8.0 0.0
2169.004348429652 0.0 0.0 0.0 1.0 0.0 0.0 8.0 0.0
2170.004348429652 0.0 0.0 0.0 1.0 0.0 0.0 8.0 0.0
2171.004348429652 0.0 0.0 0.0 1.0 0.0 0.0 8.0 0.0
2172.0017058735425 0.0 0.0 0.0 1.0 0.0 0.0 8.0 0.0
2173.004348429652 0.0 0.0 0.0 1.0 0.0 0.0 8.0 0.0
2174.004348429652 0.0 0.0 0.0 1.0 0.0 0.0 8.0 0.0
2175.004348429652 0.0 0.0 0.0 1.0 0.0 0.0 8.0 0.0
2176.004348429652 0.0 0.0 0.0 1.0 0.0 0.0 8.0 0.0
2177.004348429652 0.0 0.0 0.0 1.0 0.0 0.0 8.0 0.0
2178.004348429652 0.0 0.0 0.0 1.0 0.0 0.0 8.0 0.0
2179.004348429652 0.0 0.0 0.0 1.0 0.0 0.0 8.0 0.0
2180.001697550309 0.0 0.0 0.0 1.0 0.0 0.0 8.0 0.0
2181.004348429652 0.0 0.0 0.0 1.0 0.0 0.0 8.0 0.0
2182.004348429652 0.0 0.0 0.0 1.0 0.0 0.0 8.0 0.0
2183.004348429652 0.0 0.0 0.0 1.0 0.0 0.0 8.0 0.0
2184.004348429652 0.0 0.0 0.0 1.0 0.0 0.0 8.0 0.0
2185.0011666354885 0.0 0.0 0.0 1.0 0.0 0.0 8.0 0.0
2186.004348429652 0.0 0.0 0.0 1.0 0.0 0.0 8.0 0.0
2187.001137492353 0.0 0.0 0.0 1.0 0.0 0.0 8.0 0.0
2188.004348429652 0.0 0.0 0.0 1.0 0.0 0.0 8.0 0.0
2189.004348429652 0.0 0.0 0.0 1.0 0.0 0.0 8.0 0.0
2190.003055201965 0.0 0.0 0.0 1.0 0.0 0.0 8.0 0.0
2191.004348429652 0.0 0.0 0.0 1.0 0.0 0.0 8.0 0.0
2192.0017729423025 0.0 0.0 0.0 1.0 0.0 0.0 8.0 0.0
2193.004348429652 0.0 0.0 0.0 1.0 0.0 0.0 8.0 0.0
2194.004348429652 0.0 0.0 0.0 1.0 0.0 0.0 8.0 0.0
2195.004348429652 0.0 0.0 0.0 1.0 0.0 0.0 8.0 0.0
2196.004348429652 0.0 0.0 0.0 1.0 0.0 0.0 8.0 0.0
2197.004348429652 0.0 0.0 0.0 1.0 0.0 0.0 8.0 0.0
2198.004348429652 0.0 0.0 0.0 1.0 0.0 0.0 8.0 0.0
2199.001762258708 0.0 0.0 0.0 1.0 0.0 0.0 8.0 0.0
2200.0023256879663 0.0 0.0 0.0 1.0 0.0 0.0 8.0 0.0
2201.000175405326 0.0 0.0 0.0 1.0 0.0 0.0 8.0 0.0
2202.004348429652 0.0 0.0 0.0 1.0 0.0 0.0 8.0 0.0
2203.004348429652 0.0 0.0 0.0 1.0 0.0 0.0 8.0 0.0
2204.0026215926828 0.0 0.0 0.0 1.0 0.0 0.0 8.0 0.0
2205.004348429652 0.0 0.0 0.0 1.0 0.0 0.0 8.0 0.0
2206.004348429652 0.0 0.0 0.0 1.0 0.0 0.0 8.0 0.0
2207.004348429652 0.0 0.0 0.0 1.0 0.0 0.0 8.0 0.0
2208.000488240794 0.0 0.0 0.0 1.0 0.0 0.0 8.0 0.0
2209.004348429652 0.0 0.0 0.0 1.0 0.0 0.0 8.0 0.0
2210.004348429652 0.0 0.0 0.0 1.0 0.0 0.0 8.0 0.0
2211.004348429652 0.0 0.0 0.0 1.0 0.0 0.0 8.0 0.0
2212.001445894962 0.0 0.0 0.0 1.0 0.0 0.0 8.0 0.0
2213.004348429652 0.0 0.0 0.0 1.0 0.0 0.0 8.0 0.0
2214.004348429652 0.0 0.0 0.0 1.0 0.0 0.0 8.0 0.0
2215.004348429652 0.0 0.0 0.0 1.0 0.0 0.0 8.0 0.0
2216.0021003350503 0.0 0.0 0.0 1.0 0.0 0.0 8.0 0.0
2217.0023199939305 0.0 0.0 0.0 1.0 0.0 0.0 8.0 0.0
2218.004348429652 0.0 0.0 0.0 1.0 0.0 0.0 8.0 0.0
2219.004348429652 0.0 0.0 0.0 1.0 0.0 0.0 8.0 0.0
2220.004348429652 0.0 0.0 0.0 1.0 0.0 0.0 8.0 0.0
2221.0036602328923 0.0 0.0 0.0 1.0 0.0 0.0 8.0 0.0
2222.004348429652 0.0 0.0 0.0 1.0 0.0 0.0 8.0 0.0
2223.004348429652 0.0 0.0 0.0 1.0 0.0 0.0 8.0 0.0
2224.000329896502 0.0 0.0 0.0 1.0 0.0 0.0 8.0 0.0
2225.004348429652 0.0 0.0 0.0 1.0 0.0 0.0 8.0 0.0
2226.004348429652 0.0 0.0 0.0 1.0 0.0 0.0 8.0 0.0
2227.004348429652 0.0 0.0 0.0 1.0 0.0 0.0 8.0 0.0
2228.004348429652 0.0 0.0 0.0 1.0 0.0 0.0 8.0 0.0
2229.004348429652 0.0 0.0 0.0 1.0 0.0 0.0 8.0 0.0
2230.002921194001 0.0 0.0 0.0 1.0 0.0 0.0 8.0 0.0
2231.004348429652 0.0 0.0 0.0 1.0 0.0 0.0 8.0 0.0
2232.004348429652 0.0 0.0 0.0 1.0 0.0 0.0 8.0 0.0
2233.0038509063124 0.0 0.0 0.0 1.0 0.0 0.0 8.0 0.0
2234.004348429652 0.0 0.0 0.0 1.0 0.0 0.0 8.0 0.0
2235.0029168135716 0.0 0.0 0.0 1.0 0.0 0.0 8.0 0.0
2236.00328197424 0.0 0.0 0.0 1.0 0.0 0.0 8.0 0.0
2237.004348429652 0.0 0.0 0.0 1.0 0.0 0.0 8.0 0.0
2238.0038439657733 0.0 0.0 0.0 1.0 0.0 0.0 8.0 0.0
2239.004348429652 0.0 0.0 0.0 1.0 0.0 0.0 8.0 0.0
2240.004348429652 0.0 0.0 0.0 1.0 0.0 0.0 8.0 0.0
2241.004348429652 0.0 0.0 0.0 1.0 0.0 0.0 8.0 0.0
2242.0002979687574 0.0 0.0 0.0 1.0 0.0 0.0 8.0 0.0
2243.004348429652 0.0 0.0 0.0 1.0 0.0 0.0 8.0 0.0
2244.004348429652 0.0 0.0 0.0 1.0 0.0 0.0 8.0 0.0
2245.004348429652 0.0 0.0 0.0 1.0 0.0 0.0 8.0 0.0
2246.004348429652 0.0 0.0 0.0 1.0 0.0 0.0 8.0 0.0
2247.004348429652 0.0 0.0 0.0 1.0 0.0 0.0 8.0 0.0
2248.004348429652 0.0 0.0 0.0 1.0 0.0 0.0 8.0 0.0
2249.004348429652 0.0 0.0 0.0 1.0 0.0 0.0 8.0 0.0
2250.0007678908432 0.0 0.0 0.0 1.0 0.0 0.0 8.0 0.0
2251.004348429652 0.0 0.0 0.0 1.0 0.0 0.0 8.0 0.0
2252.004348429652 0.0 0.0 0.0 1.0 0.0 0.0 8.0 0.0
2253.0020290101725 0.0 0.0 0.0 1.0 0.0 0.0 8.0 0.0
2254.00407789546 0.0 0.0 0.0 1.0 0.0 0.0 8.0 0.0
2255.0031359336094 0.0 0.0 0.0 1.0 0.0 0.0 8.0 0.0
2256.004348429652 0.0 0.0 0.0 1.0 0.0 0.0 8.0 0.0
2257.004348429652 0.0 0.0 0.0 1.0 0.0 0.0 8.0 0.0
2258.004348429652 0.0 0.0 0.0 1.0 0.0 0.0 8.0 0.0
2259.004348429652 0.0 0.0 0.0 1.0 0.0 0.0 8.0 0.0
2260.004348429652 0.0 0.0 0.0 1.0 0.0 0.0 8.0 0.0
2261.004348429652 0.0 0.0 0.0 1.0 0.0 0.0 8.0 0.0
2262.0016383104175 0.0 0.0 0.0 1.0 0.0 0.0 8.0 0.0
2263.004348429652 0.0 0.0 0.0 1.0 0.0 0.0 8.0 0.0
2264.004348429652 0.0 0.0 0.0 1.0 0.0 0.0 8.0 0.0
2265.004348429652 0.0 0.0 0.0 1.0 0.0 0.0 8.0 0.0
2266.004348429652 0.0 0.0 0.0 1.0 0.0 0.0 8.0 0.0
2267.0012349655203 0.0 0.0 0.0 1.0 0.0 0.0 8.0 0.0
2268.004348429652 0.0 0.0 0.0 1.0 0.0 0.0 8.0 0.0
2269.004348429652 0.0 0.0 0.0 1.0 0.0 0.0 8.0 0.0
2270.004348429652 0.0 0.0 0.0 1.0 0.0 0.0 8.0 0.0
2271.004348429652 0.0 0.0 0.0 1.0 0.0 0.0 8.0 0.0
2272.001752749682 0.0 0.0 0.0 1.0 0.0 0.0 8.0 0.0
2273.004348429652 0.0 0.0 0.0 1.0 0.0 0.0 8.0 0.0
2274.004348429652 0.0 0.0 0.0 1.0 0.0 0.0 8.0 0.0
2275.004348429652 0.0 0.0 0.0 1.0 0.0 0.0 8.0 0.0
2276.004348429652 0.0 0.0 0.0 1.0 0.0 0.0 8.0 0.0
2277.004348429652 0.0 0.0 0.0 1.0 0.0 0.0 8.0 0.0
2278.00036664724 0.0 0.0 0.0 1.0 0.0 0.0 8.0 0.0
2279.004348429652 0.0 0.0 0.0 1.0 0.0 0.0 8.0 0.0
2280.004348429652 0.0 0.0 0.0 1.0 0.0 0.0 8.0 0.0
2281.001828196375 0.0 0.0 0.0 1.0 0.0 0.0 8.0 0.0
2282.004348429652 0.0 0.0 0.0 1.0 0.0 0.0 8.0 0.0
2283.004348429652 0.0 0.0 0.0 1.0 0.0 0.0 8.0 0.0
2284.004348429652 0.0 0.0 0.0 1.0 0.0 0.0 8.0 0.0
2285.004348429652 0.0 0.0 0.0 1.0 0.0 0.0 8.0 0.0
2286.004348429652 0.0 0.0 0.0 1.0 0.0 0.0 8.0 0.0
2287.004348429652 0.0 0.0 0.0 1.0 0.0 0.0 8.0 0.0
2288.0031316697464 0.0 0.0 0.0 1.0 0.0 0.0 8.0 0.0
2289.004348429652 0.0 0.0 0.0 1.0 0.0 0.0 8.0 0.0
2290.004348429652 0.0 0.0 0.0 1.0 0.0 0.0 8.0 0.0
2291.004348429652 0.0 0.0 0.0 1.0 0.0 0.0 8.0 0.0
2292.004348429652 0.0 0.0 0.0 1.0 0.0 0.0 8.0 0.0
2293.004348429652 0.0 0.0 0.0 1.0 0.0 0.0 8.0 0.0
2294.004348429652 0.0 0.0 0.0 1.0 0.0 0.0 8.0 0.0
2295.004348429652 0.0 0.0 0.0 1.0 0.0 0.0 8.0 0.0
2296.004348429652 0.0 0.0 0.0 1.0 0.0 0.0 8.0 0.0
2297.0028661865585 0.0 0.0 0.0 1.0 0.0 0.0 8.0 0.0
2298.004348429652 0.0 0.0 0.0 1.0 0.0 0.0 8.0 0.0
2299.0040711416054 0.0 0.0 0.0 1.0 0.0 0.0 8.0 0.0
2300.004348429652 0.0 0.0 0.0 1.0 0.0 0.0 7.975 0.0
2301.004348429652 0.3875 0.0 0.0 0.6125 0.0 1.0 7.3 0.46882716049382717
2302.004348429652 0.9875 0.0 0.0 0.012499999999999995 0.0 1.0 6.6375 0.024382716049382715
2303.004348429652 1.0 0.0 0.0 0.0 0.0 1.0 7.3375 0.0
2304.004348429652 1.0 0.0 0.0 0.0 0.0 1.0 7.975 0.0
2305.002220466764 1.0 0.0 0.0 0.0 0.0 1.0 8.0 0.0
2306.004348429652 1.0 0.0 0.0 0.0 0.0 1.0 8.0 0.0
2307.004348429652 1.0 0.0 0.0 0.0 0.0 1.0 8.0 0.0
2308.004348429652 1.0 0.0 0.0 0.0 0.0 1.0 8.0 0.0
2309.0038620002188 1.0 0.0 0.0 0.0 0.0 1.0 8.0 0.0
2310.0042062108587 1.0 0.0 0.0 0.0 0.0 1.0 8.0 0.0
2311.004348429652 1.0 0.0 0.0 0.0 0.0 1.0 8.0 0.0
2312.001508505219 1.0 0.0 0.0 0.0 0.0 1.0 8.0 0.0
2313.004348429652 1.0 0.0 0.0 0.0 0.0 1.0 8.0 0.0
2314.004348429652 1.0 0.0 0.0 0.0 0.0 1.0 8.0 0.0
2315.004348429652 1.0 0.0 0.0 0.0 0.0 1.0 8.0 0.0
2316.003579810091 1.0 0.0 0.0 0.0 0.0 1.0 8.0 0.0
2317.004348429652 1.0 0.0 0.0 0.0 0.0 1.0 8.0 0.0
2318.0042388139004 1.0 0.0 0.0 0.0 0.0 1.0 8.0 0.0
2319.004348429652 1.0 0.0 0.0 0.0 0.0 1.0 8.0 0.0
2320.002336261756 1.0 0.0 0.0 0.0 0.0 1.0 8.0 0.0
2321.004348429652 1.0 0.0 0.0 0.0 0.0 1.0 8.0 0.0
2322.004348429652 1.0 0.0 0.0 0.0 0.0 1.0 8.0 0.0
2323.004348429652 1.0 0.0 0.0 0.0 0.0 1.0 8.0 0.0
2324.004348429652 1.0 0.0 0.0 0.0 0.0 1.0 8.0 0.0
2325.004348429652 1.0 0.0 0.0 0.0 0.0 1.0 8.0 0.0
2326.004348429652 1.0 0.0 0.0 0.0 0.0 1.0 8.0 0.0
2327.004348429652 1.0 0.0 0.0 0.0 0.0 1.0 8.0 0.0
2328.004348429652 1.0 0.0 0.0 0.0 0.0 1.0 8.0 0.0
2329.0043083934734 1.0 0.0 0.0 0.0 0.0 1.0 8.0 0.0
2330.004348429652 1.0 0.0 0.0 0.0 0.0 1.0 8.0 0.0
2331.0041012349166 1.0 0.0 0.0 0.0 0.0 1.0 8.0 0.0
2332.003864764476 1.0 0.0 0.0 0.0 0.0 1.0 8.0 0.0
2333.004348429652 1.0 0.0 0.0 0.0 0.0 1.0 8.0 0.0
2334.004348429652 1.0 0.0 0.0 0.0 0.0 1.0 8.0 0.0
2335.004348429652 1.0 0.0 0.0 0.0 0.0 1.0 8.0 0.0
2336.004348429652 1.0 0.0 0.0 0.0 0.0 1.0 8.0 0.0
2337.004348429652 1.0 0.0 0.0 0.0 0.0 1.0 8.0 0.0
2338.004348429652 1.0 0.0 0.0 0.0 0.0 1.0 8.0 0.0
2339.004348429652 1.0 0.0 0.0 0.0 0.0 1.0 8.0 0.0
2340.004348429652 1.0 0.0 0.0 0.0 0.0 1.0 8.0 0.0
2341.0022404757433 1.0 0.0 0.0 0.0 0.0 1.0 8.0 0.0
2342.004348429652 1.0 0.0 0.0 0.0 0.0 1.0 8.0 0.0
2343.004348429652 1.0 0.0 0.0 0.0 0.0 1.0 8.0 0.0
2344.003305886125 1.0 0.0 0.0 0.0 0.0 1.0 8.0 0.0
2345.004348429652 1.0 0.0 0.0 0.0 0.0 1.0 8.0 0.0
2346.004348429652 1.0 0.0 0.0 0.0 0.0 1.0 8.0 0.0
2347.002873771462 1.0 0.0 0.0 0.0 0.0 1.0 8.0 0.0
2348.003101768183 1.0 0.0 0.0 0.0 0.0 1.0 8.0 0.0
2349.004348429652 1.0 0.0 0.0 0.0 0.0 1.0 8.0 0.0
2350.004348429652 1.0 0.0 0.0 0.0 0.0 1.0 8.0 0.0
2351.0009449407644 1.0 0.0 0.0 0.0 0.0 1.0 8.0 0.0
2352.004348429652 1.0 0.0 0.0 0.0 0.0 1.0 8.0 0.0
2353.0012452027845 1.0 0.0 0.0 0.0 0.0 1.0 8.0 0.0
2354.004348429652 1.0 0.0 0.0 0.0 0.0 1.0 8.0 0.0
2355.003173793682 1.0 0.0 0.0 0.0 0.0 1.0 8.0 0.0
2356.004348429652 1.0 0.0 0.0 0.0 0.0 1.0 8.0 0.0
2357.004348429652 1.0 0.0 0.0 0.0 0.0 1.0 8.0 0.0
2358.004348429652 1.0 0.0 0.0 0.0 0.0 1.0 8.0 0.0
2359.004348429652 1.0 0.0 0.0 0.0 0.0 1.0 8.0 0.0
2360.002655832592 1.0 0.0 0.0 0.0 0.0 1.0 8.0 0.0
2361.002165291933 1.0 0.0 0.0 0.0 0.0 1.0 8.0 0.0
2362.004348429652 1.0 0.0 0.0 0.0 0.0 1.0 8.0 0.0
2363.0023190609636 1.0 0.0 0.0 0.0 0.0 1.0 8.0 0.0
2364.003667630175 1.0 0.0 0.0 0.0 0.0 1.0 8.0 0.0
2365.004348429652 1.0 0.0 0.0 0.0 0.0 1.0 8.0 0.0
2366.004348429652 1.0 0.0 0.0 0.0 0.0 1.0 8.0 0.0
2367.004348429652 1.0 0.0 0.0 0.0 0.0 1.0 8.0 0.0
2368.004348429652 1.0 0.0 0.0 0.0 0.0 1.0 8.0 0.0
2369.004348429652 1.0 0.0 0.0 0.0 0.0 1.0 8.0 0.0
2370.004348429652 1.0 0.0 0.0 0.0 0.0 1.0 8.0 0.0
2371.0004035155744 1.0 0.0 0.0 0.0 0.0 1.0 8.0 0.0
2372.003212831091 1.0 0.0 0.0 0.0 0.0 1.0 8.0 0.0
2373.004348429652 1.0 0.0 0.0 0.0 0.0 1.0 8.0 0.0
2374.004348429652 1.0 0.0 0.0 0.0 0.0 1.0 8.0 0.0
2375.004348429652 1.0 0.0 0.0 0.0 0.0 1.0 8.0 0.0
2376.004348429652 1.0 0.0 0.0 0.0 0.0 1.0 8.0 0.0
2377.004348429652 1.0 0.0 0.0 0.0 0.0 1.0 8.0 0.0
2378.004339116421 1.0 0.0 0.0 0.0 0.0 1.0 8.0 0.0
2379.0017572521137 1.0 0.0 0.0 0.0 0.0 1.0 8.0 0.0
2380.004348429652 1.0 0.0 0.0 0.0 0.0 1.0 8.0 0.0
2381.004348429652 1.0 0.0 0.0 0.0 0.0 1.0 8.0 0.0
2382.0005149530334 1.0 0.0 0.0 0.0 0.0 1.0 8.0 0.0
2383.004348429652 1.0 0.0 0.0 0.0 0.0 1.0 8.0 0.0
2384.004348429652 1.0 0.0 0.0 0.0 0.0 1.0 8.0 0.0
2385.004348429652 1.0 0.0 0.0 0.0 0.0 1.0 8.0 0.0
2386.004348429652 1.0 0.0 0.0 0.0 0.0 1.0 8.0 0.0
2387.004348429652 1.0 0.0 0.0 0.0 0.0 1.0 8.0 0.0
2388.0019644968374 1.0 0.0 0.0 0.0 0.0 1.0 8.0 0.0
2389.004348429652 1.0 0.0 0.0 0.0 0.0 1.0 8.0 0.0
2390.0017867460506 1.0 0.0 0.0 0.0 0.0 1.0 8.0 0.0
2391.004348429652 1.0 0.0 0.0 0.0 0.0 1.0 8.0 0.0
2392.004348429652 1.0 0.0 0.0 0.0 0.0 1.0 8.0 0.0
2393.004348429652 1.0 0.0 0.0 0.0 0.0 1.0 8.0 0.0
2394.004348429652 1.0 0.0 0.0 0.0 0.0 1.0 8.0 0.0
2395.0031329814215 1.0 0.0 0.0 0.0 0.0 1.0 8.0 0.0
2396.004348429652 1.0 0.0 0.0 0.0 0.0 1.0 8.0 0.0
2397.00163247852 1.0 0.0 0.0 0.0 0.0 1.0 8.0 0.0
2398.004348429652 1.0 0.0 0.0 0.0 0.0 1.0 8.0 0.0
2399.004348429652 1.0 0.0 0.0 0.0 0.0 1.0 8.0 0.0
2400.0 1.0 0.0 0.0 0.0 1.0 1.0 8.0 0.0
2401.004348429652 0.9125 0.08750000000000002 0.0 0.0 1.0 1.0 7.3625 0.15771604938271605
2402.001896806706 0.7875 0.20000000000000004 0.012500000000000013 0.0 1.0 1.0 6.3875 0.3354938271604938
2403.004348429652 0.3625 0.6375 0.0 0.0 1.0 1.0 6.2625 0.4564814814814815
2404.004348429652 0.025000000000000015 0.975 0.0 0.0 1.0 1.0 6.9875 0.04814814814814815
2405.004348429652 0.0 1.0 0.0 0.0 1.0 1.0 7.825 0.0
2406.004348429652 0.0 1.0 0.0 0.0 1.0 1.0 8.0 0.0
2407.00244448557 0.0 1.0 0.0 0.0 1.0 1.0 8.0 0.0
2408.004348429652 0.0 1.0 0.0 0.0 1.0 1.0 8.0 0.0
2409.004348429652 0.0 1.0 0.0 0.0 1.0 1.0 8.0 0.0
2410.004348429652 0.0 1.0 0.0 0.0 1.0 1.0 8.0 0.0
2411.004348429652 0.0 1.0 0.0 0.0 1.0 1.0 8.0 0.0
2412.004348429652 0.0 1.0 0.0 0.0 1.0 1.0 8.0 0.0
2413.004348429652 0.0 1.0 0.0 0.0 1.0 1.0 8.0 0.0
2414.004348429652 0.0 1.0 0.0 0.0 1.0 1.0 8.0 0.0
2415.001416509119 0.0 1.0 0.0 0.0 1.0 1.0 8.0 0.0
2416.004348429652 0.0 1.0 0.0 0.0 1.0 1.0 8.0 0.0
2417.004348429652 0.0 1.0 0.0 0.0 1.0 1.0 8.0 0.0
2418.004348429652 0.0 1.0 0.0 0.0 1.0 1.0 8.0 0.0
2419.004348429652 0.0 1.0 0.0 0.0 1.0 1.0 8.0 0.0
2420.004348429652 0.0 1.0 0.0 0.0 1.0 1.0 8.0 0.0
2421.004348429652 0.0 1.0 0.0 0.0 1.0 1.0 8.0 0.0
2422.004348429652 0.0 1.0 0.0 0.0 1.0 1.0 8.0 0.0
2423.004348429652 0.0 1.0 0.0 0.0 1.0 1.0 8.0 0.0
2424.0000442305227 0.0 1.0 0.0 0.0 1.0 1.0 8.0 0.0
2425.004348429652 0.0 1.0 0.0 0.0 1.0 1.0 8.0 0.0
2426.004348429652 0.0 1.0 0.0 0.0 1.0 1.0 8.0 0.0
2427.004348429652 0.0 1.0 0.0 0.0 1.0 1.0 8.0 0.0
2428.004348429652 0.0 1.0 0.0 0.0 1.0 1.0 8.0 0.0
2429.0008499239602 0.0 1.0 0.0 0.0 1.0 1.0 8.0 0.0
2430.0033404982223 0.0 1.0 0.0 0.0 1.0 1.0 8.0 0.0
2431.0043352474877 0.0 1.0 0.0 0.0 1.0 1.0 8.0 0.0
2432.000796574765 0.0 1.0 0.0 0.0 1.0 1.0 8.0 0.0
2433.004348429652 0.0 1.0 0.0 0.0 1.0 1.0 8.0 0.0
2434.004348429652 0.0 1.0 0.0 0.0 1.0 1.0 8.0 0.0
2435.004348429652 0.0 1.0 0.0 0.0 1.0 1.0 8.0 0.0
2436.004348429652 0.0 1.0 0.0 0.0 1.0 1.0 8.0 0.0
2437.004348429652 0.0 1.0 0.0 0.0 1.0 1.0 8.0 0.0
2438.004348429652 0.0 1.0 0.0 0.0 1.0 1.0 8.0 0.0
2439.004348429652 0.0 1.0 0.0 0.0 1.0 1.0 8.0 0.0
2440.004348429652 0.0 1.0 0.0 0.0 1.0 1.0 8.0 0.0
2441.004348429652 0.0 1.0 0.0 0.0 1.0 1.0 8.0 0.0
2442.004348429652 0.0 1.0 0.0 0.0 1.0 1.0 8.0 0.0
2443.004348429652 0.0 1.0 0.0 0.0 1.0 1.0 8.0 0.0
2444.004348429652 0.0 1.0 0.0 0.0 1.0 1.0 8.0 0.0
2445.004348429652 0.0 1.0 0.0 0.0 1.0 1.0 8.0 0.0
2446.004348429652 0.0 1.0 0.0 0.0 1.0 1.0 8.0 0.0
2447.004348429652 0.0 1.0 0.0 0.0 1.0 1.0 8.0 0.0
2448.004348429652 0.0 1.0 0.0 0.0 1.0 1.0 8.0 0.0
2449.0038183087786 0.0 1.0 0.0 0.0 1.0 1.0 8.0 0.0
2450.004348429652 0.0 1.0 0.0 0.0 1.0 1.0 8.0 0.0
2451.004348429652 0.0 1.0 0.0 0.0 1.0 1.0 8.0 0.0
2452.0004963938027 0.0 1.0 0.0 0.0 1.0 1.0 8.0 0.0
2453.004348429652 0.0 1.0 0.0 0.0 1.0 1.0 8.0 0.0
2454.004348429652 0.0 1.0 0.0 0.0 1.0 1.0 8.0 0.0
2455.004348429652 0.0 1.0 0.0 0.0 1.0 1.0 8.0 0.0
2456.004348429652 0.0 1.0 0.0 0.0 1.0 1.0 8.0 0.0
2457.000360919922 0.0 1.0 0.0 0.0 1.0 1.0 8.0 0.0
2458.004348429652 0.0 1.0 0.0 0.0 1.0 1.0 8.0 0.0
2459.004348429652 0.0 1.0 0.0 0.0 1.0 1.0 8.0 0.0
2460.0042727487853 0.0 1.0 0.0 0.0 1.0 1.0 8.0 0.0
2461.004348429652 0.0 1.0 0.0 0.0 1.0 1.0 8.0 0.0
2462.004348429652 0.0 1.0 0.0 0.0 1.0 1.0 8.0 0.0
2463.004348429652 0.0 1.0 0.0 0.0 1.0 1.0 8.0 0.0
2464.004348429652 0.0 1.0 0.0 0.0 1.0 1.0 8.0 0.0
2465.004348429652 0.0 1.0 0.0 0.0 1.0 1.0 8.0 0.0
2466.0004808186845 0.0 1.0 0.0 0.0 1.0 1.0 8.0 0.0
2467.004348429652 0.0 1.0 0.0 0.0 1.0 1.0 8.0 0.0
2468.004348429652 0.0 1.0 0.0 0.0 1.0 1.0 8.0 0.0
2469.004348429652 0.0 1.0 0.0 0.0 1.0 1.0 8.0 0.0
2470.004348429652 0.0 1.0 0.0 0.0 1.0 1.0 8.0 0.0
2471.0007710598848 0.0 1.0 0.0 0.0 1.0 1.0 8.0 0.0
2472.004348429652 0.0 1.0 0.0 0.0 1.0 1.0 8.0 0.0
2473.000439352051 0.0 1.0 0.0 0.0 1.0 1.0 8.0 0.0
2474.004348429652 0.0 1.0 0.0 0.0 1.0 1.0 8.0 0.0
2475.004348429652 0.0 1.0 0.0 0.0 1.0 1.0 7.4125 0.0
2476.0012374695116 0.0 1.0 0.0 0.0 1.0 1.0 6.9375 0.0
2477.004348429652 0.0 1.0 0.0 0.0 1.0 1.0 6.15 0.0
2478.002173885191 0.0 1.0 0.0 0.0 1.0 1.0 6.0 0.0
2479.004348429652 0.0 1.0 0.0 0.0 1.0 1.0 6.0 0.0
2480.000717034513 0.0 1.0 0.0 0.0 1.0 1.0 6.0 0.0
2481.0014959631585 0.0 1.0 0.0 0.0 1.0 1.0 6.0 0.0
2482.004348429652 0.0 1.0 0.0 0.0 1.0 1.0 6.0 0.0
2483.004348429652 0.0 1.0 0.0 0.0 1.0 1.0 6.0 0.0
2484.004348429652 0.0 1.0 0.0 0.0 1.0 1.0 6.0 0.0
2485.002051159285 0.0 1.0 0.0 0.0 1.0 1.0 6.0 0.0
2486.0002035445705 0.0 1.0 0.0 0.0 1.0 1.0 6.0 0.0
2487.001699027557 0.0 1.0 0.0 0.0 1.0 1.0 6.0 0.0
2488.004348429652 0.0 1.0 0.0 0.0 1.0 1.0 6.0 0.0
2489.004348429652 0.0 1.0 0.0 0.0 1.0 1.0 6.0 0.0
2490.004348429652 0.0 1.0 0.0 0.0 1.0 1.0 6.0 0.0
2491.004348429652 0.0 0.4625 0.0 0.5375 0.0 1.0 6.0 0.49104938271604937
2492.002735516647 0.575 0.012500000000000011 0.0 0.4125 0.0 1.0 6.45 0.49290123456790125
2493.004348429652 0.9875 0.0 0.0 0.012500000000000002 0.0 1.0 7.425 0.024382716049382715
2494.00231873534 1.0 0.0 0.0 0.0 0.0 1.0 8.45 0.0
2495.004348429652 1.0 0.0 0.0 0.0 0.0 1.0 8.975 0.0
2496.004348429652 1.0 0.0 0.0 0.0 0.0 1.0 9.0 0.0
2497.004348429652 1.0 0.0 0.0 0.0 0.0 1.0 9.0 0.0
2498.004348429652 1.0 0.0 0.0 0.0 0.0 1.0 9.0 0.0
2499.004348429652 1.0 0.0 0.0 0.0 0.0 1.0 9.0 0.0
2500.004348429652 1.0 0.0 0.0 0.0 0.0 1.0 9.0 0.0
2501.004348429652 1.0 0.0 0.0 0.0 0.0 1.0 9.0 0.0
2502.004348429652 1.0 0.0 0.0 0.0 0.0 1.0 9.0 0.0
2503.004348429652 1.0 0.0 0.0 0.0 0.0 1.0 9.0 0.0
2504.004348429652 1.0 0.0 0.0 0.0 0.0 1.0 9.0 0.0
2505.004348429652 1.0 0.0 0.0 0.0 0.0 1.0 9.0 0.0
2506.0030593569068 1.0 0.0 0.0 0.0 0.0 1.0 9.0 0.0
2507.0037087078276 1.0 0.0 0.0 0.0 0.0 1.0 9.0 0.0
2508.004348429652 1.0 0.0 0.0 0.0 0.0 1.0 9.0 0.0
2509.00355806761 1.0 0.0 0.0 0.0 0.0 1.0 9.0 0.0
2510.004348429652 1.0 0.0 0.0 0.0 0.0 1.0 9.0 0.0
2511.0037088819263 1.0 0.0 0.0 0.0 0.0 1.0 9.0 0.0
2512.002662635234 1.0 0.0 0.0 0.0 0.0 1.0 9.0 0.0
2513.004348429652 1.0 0.0 0.0 0.0 0.0 1.0 9.0 0.0
2514.004348429652 1.0 0.0 0.0 0.0 0.0 1.0 9.0 0.0
2515.004348429652 1.0 0.0 0.0 0.0 0.0 1.0 9.0 0.0
2516.004348429652 1.0 0.0 0.0 0.0 0.0 1.0 9.0 0.0
2517.004348429652 1.0 0.0 0.0 0.0 0.0 1.0 9.0 0.0
2518.004348429652 1.0 0.0 0.0 0.0 0.0 1.0 9.0 0.0
2519.000861651803 1.0 0.0 0.0 0.0 0.0 1.0 9.0 0.0
2520.004348429652 1.0 0.0 0.0 0.0 0.0 1.0 9.0 0.0
2521.004348429652 1.0 0.0 0.0 0.0 0.0 1.0 9.0 0.0
2522.002983238434 1.0 0.0 0.0 0.0 0.0 1.0 9.0 0.0
2523.000509438117 1.0 0.0 0.0 0.0 0.0 1.0 9.0 0.0
2524.004348429652 1.0 0.0 0.0 0.0 0.0 1.0 9.0 0.0
2525.004348429652 1.0 0.0 0.0 0.0 0.0 1.0 9.0 0.0
2526.004045595035 1.0 0.0 0.0 0.0 0.0 1.0 9.0 0.0
2527.004348429652 1.0 0.0 0.0 0.0 0.0 1.0 9.0 0.0
2528.004348429652 1.0 0.0 0.0 0.0 0.0 1.0 9.0 0.0
2529.0025818633585 1.0 0.0 0.0 0.0 0.0 1.0 9.0 0.0
2530.004348429652 1.0 0.0 0.0 0.0 0.0 1.0 9.0 0.0
2531.0001999789297 1.0 0.0 0.0 0.0 0.0 1.0 9.0 0.0
2532.004348429652 1.0 0.0 0.0 0.0 0.0 1.0 9.0 0.0
2533.004348429652 1.0 0.0 0.0 0.0 0.0 1.0 9.0 0.0
2534.000536540346 0.825 0.0 0.175 0.0 0.0 1.0 9.0 0.2851851851851852
2535.0030377873445 0.325 0.0 0.675 0.0 0.0 1.0 9.1875 0.43333333333333335
2536.004348429652 0.037499999999999985 0.0 0.9625 0.0 0.0 1.0 9.9625 0.0712962962962963
2537.004348429652 0.0 0.0 1.0 0.0 0.0 1.0 10.7875 0.0
2538.004348429652 0.0 0.0 1.0 0.0 0.0 1.0 11.0 0.0
2539.004348429652 0.0 0.0 1.0 0.0 0.0 1.0 11.0 0.0
2540.0003646373575 0.0 0.0 1.0 0.0 0.0 1.0 11.0 0.0
2541.004348429652 0.0 0.0 1.0 0.0 0.0 1.0 11.0 0.0
2542.004348429652 0.0 0.0 1.0 0.0 0.0 1.0 11.0 0.0
2543.004348429652 0.0 0.0 1.0 0.0 0.0 1.0 11.0 0.0
2544.004348429652 0.0 0.0 1.0 0.0 0.0 1.0 11.0 0.0
2545.004348429652 0.0 0.0 1.0 0.0 0.0 1.0 11.0 0.0
2546.0002115781504 0.0 0.0 1.0 0.0 0.0 1.0 11.0 0.0
2547.004348429652 0.0 0.0 1.0 0.0 0.0 1.0 11.0 0.0
2548.004348429652 0.0 0.0 1.0 0.0 0.0 1.0 11.0 0.0
2549.004348429652 0.0 0.0 1.0 0.0 0.0 1.0 11.0 0.0
2550.000518824763 0.0 0.0 1.0 0.0 0.0 1.0 11.0 0.0
2551.0008267774365 0.0 0.0 1.0 0.0 0.0 1.0 11.0 0.0
2552.004348429652 0.0 0.0 1.0 0.0 0.0 1.0 11.0 0.0
2553.004348429652 0.0 0.0 1.0 0.0 0.0 1.0 11.0 0.0
2554.000138662988 0.0 0.0 1.0 0.0 0.0 1.0 11.0 0.0
2555.004348429652 0.0 0.0 1.0 0.0 0.0 1.0 11.0 0.0
2556.004348429652 0.0 0.0 1.0 0.0 0.0 1.0 11.0 0.0
2557.0004736153865 0.0 0.0 1.0 0.0 0.0 1.0 11.0 0.0
2558.0022485855234 0.0 0.0 1.0 0.0 0.0 1.0 11.0 0.0
2559.004348429652 0.0 0.0 1.0 0.0 0.0 1.0 11.0 0.0
2560.004348429652 0.0 0.0 1.0 0.0 0.0 1.0 11.0 0.0
2561.004348429652 0.0 0.0 1.0 0.0 0.0 1.0 11.0 0.0
2562.004348429652 0.0 0.0 1.0 0.0 0.0 1.0 11.0 0.0
2563.004348429652 0.0 0.0 1.0 0.0 0.0 1.0 11.0 0.0
2564.004348429652 0.0 0.0 1.0 0.0 0.0 1.0 11.0 0.0
2565.004348429652 0.0 0.0 1.0 0.0 0.0 1.0 11.0 0.0
2566.004348429652 0.0 0.0 1.0 0.0 0.0 1.0 11.0 0.0
2567.004348429652 0.0 0.0 1.0 0.0 0.0 1.0 11.0 0.0
2568.004348429652 0.0 0.0 1.0 0.0 0.0 1.0 11.0 0.0
2569.004348429652 0.0 0.0 1.0 0.0 0.0 1.0 11.0 0.0
2570.004348429652 0.0 0.0 1.0 0.0 0.0 1.0 11.0 0.0
2571.001800368526 0.0 0.0 1.0 0.0 0.0 1.0 11.0 0.0
2572.0015232149917 0.0 0.0 1.0 0.0 0.0 1.0 11.0 0.0
2573.004348429652 0.0 0.0 1.0 0.0 0.0 1.0 11.0 0.0
2574.004348429652 0.0 0.0 1.0 0.0 0.0 1.0 11.0 0.0
2575.0019798478056 0.0 0.0 1.0 0.0 0.0 1.0 11.0 0.0
2576.004348429652 0.0 0.0 1.0 0.0 0.0 1.0 11.0 0.0
2577.004348429652 0.0 0.0 1.0 0.0 0.0 1.0 11.0 0.0
2578.004348429652 0.0 0.0 1.0 0.0 0.0 1.0 11.0 0.0
2579.004348429652 0.0 0.0 1.0 0.0 0.0 1.0 11.0 0.0
2580.004348429652 0.0 0.0 1.0 0.0 0.0 1.0 11.0 0.0
2581.002731181127 0.0 0.0 1.0 0.0 0.0 1.0 11.0 0.0
2582.004348429652 0.0 0.0 1.0 0.0 0.0 1.0 11.0 0.0
2583.004348429652 0.0 0.0 1.0 0.0 0.0 1.0 11.0 0.0
2584.0022848233584 0.0 0.0 1.0 0.0 0.0 1.0 11.0 0.0
2585.004348429652 0.0 0.0 1.0 0.0 0.0 1.0 11.0 0.0
2586.004348429652 0.0 0.0 1.0 0.0 0.0 1.0 11.0 0.0
2587.004348429652 0.0 0.0 1.0 0.0 0.0 1.0 11.0 0.0
2588.004348429652 0.0 0.0 1.0 0.0 0.0 1.0 11.0 0.0
2589.000749308725 0.0 0.0 1.0 0.0 0.0 1.0 11.0 0.0
2590.004348429652 0.0 0.0 1.0 0.0 0.0 1.0 11.0 0.0
2591.004348429652 0.0 0.0 1.0 0.0 0.0 1.0 11.0 0.0
2592.004348429652 0.0 0.0 1.0 0.0 0.0 1.0 11.0 0.0
2593.004348429652 0.0 0.0 1.0 0.0 0.0 1.0 11.0 0.0
2594.004348429652 0.0 0.0 1.0 0.0 0.0 1.0 11.0 0.0
2595.002690828682 0.0 0.0 1.0 0.0 0.0 1.0 11.0 0.0
2596.004348429652 0.0 0.0 1.0 0.0 0.0 1.0 11.0 0.0
2597.004348429652 0.0 0.0 1.0 0.0 0.0 1.0 11.0 0.0
2598.004348429652 0.0 0.0 1.0 0.0 0.0 1.0 11.0 0.0
2599.0004212096837 0.0 0.0 1.0 0.0 0.0 1.0 11.0 0.0
2600.004348429652 0.0 0.0 1.0 0.0 0.0 1.0 11.0 0.0
2601.004348429652 0.0 0.0 1.0 0.0 0.0 1.0 11.0 0.0
2602.0007828838743 0.0 0.0 1.0 0.0 0.0 1.0 11.0 0.0
2603.004348429652 0.0 0.0 1.0 0.0 0.0 1.0 11.0 0.0
2604.001143845129 0.0 0.0 1.0 0.0 0.0 1.0 11.0 0.0
2605.004348429652 0.0 0.0 1.0 0.0 0.0 1.0 11.0 0.0
2606.004348429652 0.0 0.0 1.0 0.0 0.0 1.0 11.0 0.0
2607.004348429652 0.0 0.0 1.0 0.0 0.0 1.0 11.0 0.0
2608.0009430309947 0.0 0.0 1.0 0.0 0.0 1.0 11.0 0.0
2609.002962349157 0.0 0.0 1.0 0.0 0.0 1.0 11.0 0.0
2610.004348429652 0.0 0.0 1.0 0.0 0.0 1.0 11.0 0.0
2611.004348429652 0.0 0.0 1.0 0.0 0.0 1.0 11.0 0.0
2612.004348429652 0.0 0.0 1.0 0.0 0.0 1.0 11.0 0.0
2613.004348429652 0.0 0.0 1.0 0.0 0.0 1.0 11.0 0.0
2614.004348429652 0.0 0.0 1.0 0.0 0.0 1.0 11.0 0.0
2615.004348429652 0.0 0.0 1.0 0.0 0.0 1.0 11.0 0.0
2616.004348429652 0.0 0.0 1.0 0.0 0.0 1.0 11.0 0.0
2617.004348429652 0.0 0.0 1.0 0.0 0.0 1.0 11.0 0.0
2618.004348429652 0.0 0.0 1.0 0.0 0.0 1.0 11.0 0.0
2619.004348429652 0.0 0.0 1.0 0.0 0.0 1.0 11.0 0.0
2620.004348429652 0.0 0.0 1.0 0.0 0.0 1.0 11.0 0.0
2621.004348429652 0.0 0.0 1.0 0.0 0.0 1.0 11.0 0.0
2622.004348429652 0.0 0.0 1.0 0.0 0.0 1.0 11.0 0.0
2623.004348429652 0.0 0.0 1.0 0.0 0.0 1.0 11.0 0.0
2624.0033675778736 0.0 0.0 1.0 0.0 0.0 1.0 11.0 0.0
2625.004348429652 0.0 0.0 1.0 0.0 0.0 1.0 11.0 0.0
2626.004348429652 0.0 0.0 1.0 0.0 0.0 1.0 11.0 0.0
2627.001290209191 0.0 0.0 1.0 0.0 0.0 1.0 11.0 0.0
2628.004348429652 0.0 0.0 1.0 0.0 0.0 1.0 11.0 0.0
2629.004348429652 0.0 0.0 1.0 0.0 0.0 1.0 11.0 0.0
2630.004348429652 0.0 0.0 1.0 0.0 0.0 1.0 11.0 0.0
2631.004348429652 0.0 0.0 1.0 0.0 0.0 1.0 11.0 0.0
2632.0029207797725 0.0 0.0 1.0 0.0 0.0 1.0 11.0 0.0
2633.004348429652 0.0 0.0 1.0 0.0 0.0 1.0 11.0 0.0
2634.004348429652 0.0 0.0 1.0 0.0 0.0 1.0 11.0 0.0
2635.0014436280094 0.0 0.0 1.0 0.0 0.0 1.0 11.0 0.0
2636.004348429652 0.0 0.0 1.0 0.0 0.0 1.0 11.0 0.0
2637.000293540462 0.0 0.0 1.0 0.0 0.0 1.0 11.0 0.0
2638.004348429652 0.0 0.0 1.0 0.0 0.0 1.0 11.0 0.0
2639.0015899184664 0.0 0.0 1.0 0.0 0.0 1.0 11.0 0.0
2640.004348429652 0.0 0.0 1.0 0.0 0.0 1.0 11.0 0.0
2641.004348429652 0.0 0.0 1.0 0.0 0.0 1.0 11.0 0.0
2642.004348429652 0.0 0.0 0.525 0.4749999999999999 0.0 0.0 11.0 0.4925925925925926
2643.000187933603 0.0 0.0 0.0 1.0 0.0 0.0 11.4125 0.0
2644.004348429652 0.0 0.0 0.0 1.0 0.0 0.0 12.4625 0.0
2645.004348429652 0.0 0.0 0.0 1.0 0.0 0.0 12.9625 0.0
2646.004348429652 0.0 0.0 0.0 1.0 0.0 0.0 13.0 0.0
2647.004348429652 0.0 0.0 0.0 1.0 0.0 0.0 13.0 0.0
2648.004348429652 0.0 0.0 0.0 1.0 0.0 0.0 13.0 0.0
2649.004348429652 0.0 0.0 0.0 1.0 0.0 0.0 13.0 0.0
2650.004348429652 0.0 0.0 0.0 1.0 0.0 0.0 13.0 0.0
2651.004348429652 0.0 0.0 0.0 1.0 0.0 0.0 13.0 0.0
2652.004348429652 0.0 0.0 0.0 1.0 0.0 0.0 13.0 0.0
2653.0028004133655 0.0 0.0 0.0 1.0 0.0 0.0 13.0 0.0
2654.004348429652 0.0 0.0 0.0 1.0 0.0 0.0 13.0 0.0
2655.004348429652 0.0 0.0 0.0 1.0 0.0 0.0 13.0 0.0
2656.004348429652 0.0 0.0 0.0 1.0 0.0 0.0 13.0 0.0
2657.004348429652 0.0 0.0 0.0 1.0 0.0 0.0 13.0 0.0
2658.0024217108707 0.0 0.0 0.0 1.0 0.0 0.0 13.0 0.0
2659.004348429652 0.0 0.0 0.0 1.0 0.0 0.0 13.0 0.0
2660.0035190836597 0.0 0.0 0.0 1.0 0.0 0.0 13.0 0.0
2661.004348429652 0.0 0.0 0.0 1.0 0.0 0.0 13.0 0.0
2662.004348429652 0.0 0.0 0.0 1.0 0.0 0.0 13.0 0.0
2663.004348429652 0.0 0.0 0.0 1.0 0.0 0.0 13.0 0.0
2664.004348429652 0.0 0.0 0.0 1.0 0.0 0.0 13.0 0.0
2665.0029651789127 0.0 0.0 0.0 1.0 0.0 0.0 13.0 0.0
2666.004348429652 0.0 0.0 0.0 1.0 0.0 0.0 13.0 0.0
2667.004348429652 0.0 0.0 0.0 1.0 0.0 0.0 13.0 0.0
2668.004348429652 0.0 0.0 0.0 1.0 0.0 0.0 13.0 0.0
2669.0017770597387 0.0 0.0 0.0 1.0 0.0 0.0 13.0 0.0
2670.004348429652 0.0 0.0 0.0 1.0 0.0 0.0 13.0 0.0
2671.004348429652 0.0 0.0 0.0 1.0 0.0 0.0 13.0 0.0
2672.004348429652 0.0 0.0 0.0 1.0 0.0 0.0 13.0 0.0
2673.004348429652 0.0 0.0 0.0 1.0 0.0 0.0 13.0 0.0
2674.004348429652 0.0 0.0 0.0 1.0 0.0 0.0 13.0 0.0
2675.004348429652 0.0 0.0 0.0 1.0 0.0 0.0 13.0 0.0
2676.0022692518974 0.0 0.0 0.0 1.0 0.0 0.0 13.0 0.0
2677.004348429652 0.0 0.0 0.0 1.0 0.0 0.0 13.0 0.0
2678.004348429652 0.0 0.0 0.0 1.0 0.0 0.0 13.0 0.0
2679.004348429652 0.0 0.0 0.0 1.0 0.0 0.0 13.0 0.0
2680.004348429652 0.0 0.0 0.0 1.0 0.0 0.0 13.0 0.0
2681.004348429652 0.0 0.0 0.0 1.0 0.0 0.0 13.0 0.0
2682.004348429652 0.0 0.0 0.0 1.0 0.0 0.0 13.0 0.0
2683.004348429652 0.0 0.0 0.0 1.0 0.0 0.0 13.0 0.0
2684.002065600713 0.0 0.0 0.0 1.0 0.0 0.0 13.0 0.0
2685.004348429652 0.0 0.0 0.0 1.0 0.0 0.0 13.0 0.0
2686.004348429652 0.0 0.0 0.0 1.0 0.0 0.0 13.0 0.0
2687.004348429652 0.0 0.0 0.0 1.0 0.0 0.0 13.0 0.0
2688.004348429652 0.0 0.0 0.0 1.0 0.0 0.0 13.0 0.0
2689.004348429652 0.0 0.0 0.0 1.0 0.0 0.0 13.0 0.0
2690.004348429652 0.0 0.0 0.0 1.0 0.0 0.0 13.0 0.0
2691.004348429652 0.0 0.0 0.0 1.0 0.0 0.0 13.0 0.0
2692.0039807040826 0.0 0.0 0.0 1.0 0.0 0.0 13.0 0.0
2693.004348429652 0.0 0.0 0.0 1.0 0.0 0.0 13.0 0.0
2694.004348429652 0.0 0.0 0.0 1.0 0.0 0.0 13.0 0.0
2695.004348429652 0.0 0.0 0.0 1.0 0.0 0.0 13.0 0.0
2696.0029152593625 0.0 0.0 0.0 1.0 0.0 0.0 13.0 0.0
2697.004348429652 0.0 0.0 0.0 1.0 0.0 0.0 13.0 0.0
2698.0028362677167 0.0 0.0 0.0 1.0 0.0 0.0 13.0 0.0
2699.004348429652 0.0 0.0 0.0 1.0 0.0 0.0 13.0 0.0
2700.000298427967 0.0 0.0 0.0 1.0 0.0 0.0 13.0 0.0
2701.004022482687 0.0 0.0 0.0 1.0 0.0 0.0 13.0 0.0
2702.004348429652 0.0 0.0 0.0 1.0 0.0 0.0 13.0 0.0
2703.004348429652 0.0 0.0 0.0 1.0 0.0 0.0 13.0 0.0
2704.004348429652 0.0 0.0 0.0 1.0 0.0 0.0 13.0 0.0
2705.004348429652 0.0 0.0 0.0 1.0 0.0 0.0 13.0 0.0
2706.004348429652 0.0 0.0 0.0 1.0 0.0 0.0 13.0 0.0
2707.004348429652 0.0 0.0 0.0 1.0 0.0 0.0 13.0 0.0
2708.004348429652 0.0 0.0 0.0 1.0 0.0 0.0 13.0 0.0
2709.0042529018906 0.0 0.0 0.0 1.0 0.0 0.0 13.0 0.0
2710.004348429652 0.0 0.0 0.0 1.0 0.0 0.0 13.0 0.0
2711.004348429652 0.0 0.0 0.0 1.0 0.0 0.0 13.0 0.0
2712.0010172888246 0.0 0.0 0.0 1.0 0.0 0.0 13.0 0.0
2713.004348429652 0.0 0.0 0.0 1.0 0.0 0.0 13.0 0.0
2714.004348429652 0.0 0.0 0.0 1.0 0.0 0.0 13.0 0.0
2715.004348429652 0.0 0.0 0.0 1.0 0.0 0.0 13.0 0.0
2716.0036828076886 0.0 0.0 0.0 1.0 0.0 0.0 13.0 0.0
2717.004348429652 0.0 0.0 0.0 1.0 0.0 0.0 13.0 0.0
2718.004348429652 0.0 0.0 0.0 1.0 0.0 0.0 13.0 0.0
2719.004348429652 0.0 0.0 0.0 1.0 0.0 0.0 13.0 0.0
2720.004348429652 0.0 0.0 0.0 1.0 0.0 0.0 13.0 0.0
2721.004348429652 0.0 0.0 0.0 1.0 0.0 0.0 13.0 0.0
2722.004348429652 0.0 0.0 0.0 1.0 0.0 0.0 13.0 0.0
2723.004348429652 0.0 0.0 0.0 1.0 0.0 0.0 13.0 0.0
2724.004348429652 0.0 0.0 0.0 1.0 0.0 0.0 13.0 0.0
2725.004348429652 0.0 0.0 0.0 1.0 0.0 0.0 13.0 0.0
2726.004348429652 0.0 0.0 0.0 1.0 0.0 0.0 13.0 0.0
2727.004348429652 0.0 0.0 0.0 1.0 0.0 0.0 13.0 0.0
2728.004348429652 0.0 0.0 0.0 1.0 0.0 0.0 13.0 0.0
2729.000563514192 0.0 0.0 0.0 1.0 0.0 0.0 13.0 0.0
2730.001824068858 0.0 0.0 0.0 1.0 0.0 0.0 13.0 0.0
2731.004348429652 0.0 0.0 0.0 1.0 0.0 0.0 13.0 0.0
2732.004348429652 0.0 0.0 0.0 1.0 0.0 0.0 13.0 0.0
2733.004348429652 0.0 0.0 0.0 1.0 0.0 0.0 13.0 0.0
2734.004348429652 0.0 0.0 0.0 1.0 0.0 0.0 13.0 0.0
2735.004348429652 0.0 0.0 0.0 1.0 0.0 0.0 13.0 0.0
2736.004348429652 0.0 0.0 0.0 1.0 0.0 0.0 13.0 0.0
2737.004348429652 0.0 0.0 0.0 1.0 0.0 0.0 13.0 0.0
2738.0029756044846 0.0 0.0 0.0 1.0 0.0 0.0 13.0 0.0
2739.0028271767233 0.0 0.0 0.0 1.0 0.0 0.0 13.0 0.0
2740.004348429652 0.0 0.0 0.0 1.0 0.0 0.0 13.0 0.0
2741.004348429652 0.0 0.0 0.0 1.0 0.0 0.0 13.0 0.0
2742.001156063164 0.0 0.0 0.0 1.0 0.0 0.0 13.0 0.0
2743.002985282117 0.0 0.0 0.0 1.0 0.0 0.0 13.0 0.0
2744.004348429652 0.0 0.0 0.0 1.0 0.0 0.0 13.0 0.0
2745.004348429652 0.0 0.0 0.0 1.0 0.0 0.0 13.0 0.0
2746.0010815734036 0.0 0.0 0.0 1.0 0.0 0.0 13.0 0.0
2747.004348429652 0.0 0.0 0.0 1.0 0.0 0.0 13.0 0.0
2748.004348429652 0.0 0.0 0.0 1.0 0.0 0.0 13.0 0.0
2749.004348429652 0.0 0.0 0.0 1.0 0.0 0.0 13.0 0.0
2750.004348429652 0.0 0.0 0.0 1.0 0.0 0.0 13.0 0.0
2751.004348429652 0.0 0.0 0.0 1.0 0.0 0.0 13.0 0.0
2752.0018251679967 0.0 0.0 0.0 1.0 0.0 0.0 13.0 0.0
2753.004348429652 0.0 0.0 0.0 1.0 0.0 0.0 13.0 0.0
2754.004348429652 0.0 0.0 0.0 1.0 0.0 0.0 13.0 0.0
2755.004348429652 0.0 0.0 0.0 1.0 0.0 0.0 13.0 0.0
2756.004348429652 0.0 0.0 0.0 1.0 0.0 0.0 13.0 0.0
2757.001118320845 0.0 0.0 0.0 1.0 0.0 0.0 13.0 0.0
2758.00018341787 0.0 0.0 0.0 1.0 0.0 0.0 13.0 0.0
2759.004348429652 0.0 0.0 0.0 1.0 0.0 0.0 13.0 0.0
2760.004348429652 0.0 0.0 0.0 1.0 0.0 0.0 13.0 0.0
2761.004348429652 0.0 0.0 0.0 1.0 0.0 0.0 13.0 0.0
2762.004348429652 0.0 0.0 0.0 1.0 0.0 0.0 13.0 0.0
2763.004348429652 0.0 0.0 0.0 1.0 0.0 0.0 13.0 0.0
2764.000893481043 0.0 0.0 0.0 1.0 0.0 0.0 13.0 0.0
2765.00242446351 0.0 0.0 0.0 1.0 0.0 0.0 13.0 0.0
2766.004348429652 0.0 0.0 0.0 1.0 0.0 0.0 13.0 0.0
2767.000305259412 0.0 0.0 0.0 1.0 0.0 0.0 13.0 0.0
2768.004348429652 0.0 0.0 0.0 1.0 0.0 0.0 13.0 0.0
2769.004348429652 0.0 0.0 0.0 1.0 0.0 0.0 13.0 0.0
2770.004348429652 0.0 0.0 0.0 1.0 0.0 0.0 13.0 0.0
2771.004348429652 0.0 0.0 0.0 1.0 0.0 0.0 13.0 0.0
2772.0042953924535 0.0 0.0 0.0 1.0 0.0 0.0 13.0 0.0
2773.004348429652 0.0 0.0 0.0 1.0 0.0 0.0 13.0 0.0
2774.004348429652 0.0 0.0 0.0 1.0 0.0 0.0 13.0 0.0
2775.004348429652 0.0 0.0 0.0 1.0 0.0 0.0 13.0 0.0
2776.004348429652 0.0 0.0 0.0 1.0 0.0 0.0 13.0 0.0
2777.0015379759143 0.0 0.0 0.0 1.0 0.0 0.0 13.0 0.0
2778.0016740984684 0.0 0.0 0.0 1.0 0.0 0.0 13.0 0.0
2779.0037998215075 0.0 0.0 0.0 1.0 0.0 0.0 13.0 0.0
2780.004348429652 0.0 0.0 0.0 1.0 0.0 0.0 13.0 0.0
2781.004348429652 0.0 0.0 0.0 1.0 0.0 0.0 13.0 0.0
2782.004348429652 0.0 0.0 0.0 1.0 0.0 0.0 13.0 0.0
2783.004348429652 0.0 0.0 0.0 1.0 0.0 0.0 13.0 0.0
2784.004348429652 0.0 0.0 0.0 1.0 0.0 0.0 13.0 0.0
2785.002797776008 0.0 0.0 0.0 1.0 0.0 0.0 13.0 0.0
2786.004348429652 0.0 0.0 0.0 1.0 0.0 0.0 13.0 0.0
2787.000241273303 0.0 0.0 0.0 1.0 0.0 0.0 13.0 0.0
2788.004348429652 0.0 0.0 0.0 1.0 0.0 0.0 13.0 0.0
2789.001544668087 0.0 0.0 0.0 1.0 0.0 0.0 13.0 0.0
2790.001140637776 0.0 0.0 0.0 1.0 0.0 0.0 13.0 0.0
2791.004348429652 0.0 0.0 0.0 1.0 0.0 0.0 13.0 0.0
2792.004348429652 0.0 0.0 0.0 1.0 0.0 0.0 13.0 0.0
2793.004348429652 0.0 0.0 0.0 1.0 0.0 0.0 13.0 0.0
2794.0037340553636 0.0 0.0 0.0 1.0 0.0 0.0 13.0 0.0
2795.004348429652 0.0 0.0 0.0 1.0 0.0 0.0 13.0 0.0
2796.004348429652 0.0 0.0 0.0 1.0 0.0 0.0 13.0 0.0
2797.004348429652 0.0 0.0 0.0 1.0 0.0 0.0 13.0 0.0
2798.0007650934017 0.0 0.0 0.0 1.0 0.0 0.0 13.0 0.0
2799.004348429652 0.0 0.0 0.0 1.0 0.0 0.0 13.0 0.0
2800.004348429652 0.0 0.0 0.0 1.0 0.0 0.0 13.0 0.0
2801.004348429652 0.0 0.0 0.0 1.0 0.0 0.0 13.0 0.0
2802.004348429652 0.0 0.0 0.0 1.0 0.0 0.0 13.0 0.0
2803.004348429652 0.0 0.0 0.0 1.0 0.0 0.0 13.0 0.0
2804.004348429652 0.0 0.0 0.0 1.0 0.0 0.0 13.0 0.0
2805.004348429652 0.0 0.0 0.0 1.0 0.0 0.0 13.0 0.0
2806.004348429652 0.0 0.0 0.0 1.0 0.0 0.0 13.0 0.0
2807.0002382665916 0.0 0.0 0.0 1.0 0.0 0.0 13.0 0.0
2808.004348429652 0.0 0.0 0.0 1.0 0.0 0.0 13.0 0.0
2809.004348429652 0.0 0.0 0.0 1.0 0.0 0.0 13.0 0.0
2810.004348429652 0.0 0.0 0.0 1.0 0.0 0.0 13.0 0.0
2811.004348429652 0.0 0.0 0.0 1.0 0.0 0.0 13.0 0.0
2812.004348429652 0.0 0.0 0.0 1.0 0.0 0.0 13.0 0.0
2813.004348429652 0.0 0.0 0.0 1.0 0.0 0.0 13.0 0.0
2814.004348429652 0.0 0.0 0.0 1.0 0.0 0.0 13.0 0.0
2815.0027192594857 0.0 0.0 0.0 1.0 0.0 0.0 13.0 0.0
2816.0029814012005 0.0 0.0 0.0 1.0 0.0 0.0 13.0 0.0
2817.004348429652 0.0 0.0 0.0 1.0 0.0 0.0 13.0 0.0
2818.002214103673 0.0 0.0 0.0 1.0 0.0 0.0 13.0 0.0
2819.004348429652 0.0 0.0 0.0 1.0 0.0 0.0 13.0 0.0
2820.004348429652 0.0 0.0 0.0 1.0 0.0 0.0 13.0 0.0
2821.004348429652 0.0 0.0 0.0 1.0 0.0 0.0 13.0 0.0
2822.004348429652 0.0 0.0 0.0 1.0 0.0 0.0 13.0 0.0
2823.00293134251 0.0 0.0 0.0 1.0 0.0 0.0 13.0 0.0
2824.004348429652 0.0 0.0 0.0 1.0 0.0 0.0 13.0 0.0
2825.002465270741 0.0 0.0 0.0 1.0 0.0 0.0 13.0 0.0
2826.004348429652 0.0 0.0 0.0 1.0 0.0 0.0 13.0 0.0
2827.0011107782757 0.0 0.0 0.0 1.0 0.0 0.0 13.0 0.0
2828.004348429652 0.0 0.0 0.0 1.0 0.0 0.0 13.0 0.0
2829.0002197442423 0.0 0.0 0.0 1.0 0.0 0.0 13.0 0.0
2830.004348429652 0.0 0.0 0.0 1.0 0.0 0.0 13.0 0.0
2831.000177687075 0.0 0.0 0.0 1.0 0.0 0.0 13.0 0.0
2832.004348429652 0.0 0.0 0.0 1.0 0.0 0.0 13.0 0.0
2833.004348429652 0.0 0.0 0.0 1.0 0.0 0.0 13.0 0.0
2834.004348429652 0.0 0.0 0.0 1.0 0.0 0.0 13.0 0.0
2835.003242102094 0.0 0.0 0.0 1.0 0.0 0.0 13.0 0.0
2836.004348429652 0.0 0.0 0.0 1.0 0.0 0.0 13.0 0.0
2837.002989105313 0.0 0.0 0.0 1.0 0.0 0.0 13.0 0.0
2838.004348429652 0.0 0.0 0.0 1.0 0.0 0.0 13.0 0.0
2839.00046638531 0.0 0.0 0.0 1.0 0.0 0.0 13.0 0.0
2840.004348429652 0.0 0.0 0.0 1.0 0.0 0.0 13.0 0.0
2841.0015533781784 0.0 0.0 0.0 1.0 0.0 0.0 13.0 0.0
2842.004348429652 0.0 0.0 0.0 1.0 0.0 0.0 13.0 0.0
2843.004348429652 0.0 0.0 0.0 1.0 0.0 0.0 13.0 0.0
2844.004348429652 0.0 0.0 0.0 1.0 0.0 0.0 13.0 0.0
2845.001408031851 0.0 0.0 0.0 1.0 0.0 0.0 13.0 0.0
2846.004348429652 0.0 0.0 0.0 1.0 0.0 0.0 13.0 0.0
2847.004348429652 0.0 0.0 0.0 1.0 0.0 0.0 13.0 0.0
2848.004348429652 0.0 0.0 0.0 1.0 0.0 0.0 13.0 0.0
2849.004348429652 0.0 0.0 0.0 1.0 0.0 0.0 13.0 0.0
2850.0018997540624 0.0 0.0 0.0 1.0 0.0 0.0 13.0 0.0
2851.004348429652 0.0 0.0 0.0 1.0 0.0 0.0 13.0 0.0
2852.004348429652 0.0 0.0 0.0 1.0 0.0 0.0 13.0 0.0
2853.004348429652 0.0 0.0 0.0 1.0 0.0 0.0 13.0 0.0
2854.004348429652 0.0 0.0 0.0 1.0 0.0 0.0 13.0 0.0
2855.004348429652 0.0 0.0 0.0 1.0 0.0 0.0 13.0 0.0
2856.004348429652 0.0 0.0 0.0 1.0 0.0 0.0 13.0 0.0
2857.0034249035075 0.0 0.0 0.0 1.0 0.0 0.0 13.0 0.0
2858.004348429652 0.0 0.0 0.0 1.0 0.0 0.0 13.0 0.0
2859.004348429652 0.0 0.0 0.0 1.0 0.0 0.0 13.0 0.0
2860.004348429652 0.0 0.0 0.0 1.0 0.0 0.0 13.0 0.0
2861.00031713657 0.0 0.0 0.0 1.0 0.0 0.0 13.0 0.0
2862.004348429652 0.0 0.0 0.0 1.0 0.0 0.0 13.0 0.0
2863.004348429652 0.0 0.0 0.0 1.0 0.0 0.0 13.0 0.0
2864.004348429652 0.0 0.0 0.0 1.0 0.0 0.0 13.0 0.0
2865.0006753164416 0.0 0.0 0.0 1.0 0.0 0.0 13.0 0.0
2866.004348429652 0.0 0.0 0.0 1.0 0.0 0.0 13.0 0.0
2867.004348429652 0.0 0.0 0.0 1.0 0.0 0.0 13.0 0.0
2868.004348429652 0.0 0.0 0.0 1.0 0.0 0.0 13.0 0.0
2869.004348429652 0.0 0.0 0.0 1.0 0.0 0.0 13.0 0.0
2870.004348429652 0.0 0.0 0.0 1.0 0.0 0.0 13.0 0.0
2871.002016828684 0.0 0.0 0.0 1.0 0.0 0.0 13.0 0.0
2872.004348429652 0.0 0.0 0.0 1.0 0.0 0.0 13.0 0.0
2873.0033186324167 0.0 0.0 0.0 1.0 0.0 0.0 13.0 0.0
2874.004348429652 0.0 0.0 0.0 1.0 0.0 0.0 13.0 0.0
2875.004348429652 0.0 0.0 0.0 1.0 0.0 0.0 13.0 0.0
2876.004348429652 0.0 0.0 0.0 1.0 0.0 0.0 13.0 0.0
2877.004348429652 0.0 0.0 0.0 1.0 0.0 0.0 13.0 0.0
2878.004348429652 0.0 0.0 0.0 1.0 0.0 0.0 13.0 0.0
2879.004348429652 0.0 0.0 0.0 1.0 0.0 0.0 13.0 0.0
2880.004348429652 0.0 0.0 0.0 1.0 0.0 0.0 13.0 0.0
2881.004348429652 0.0 0.0 0.0 1.0 0.0 0.0 13.0 0.0
2882.004348429652 0.0 0.0 0.0 1.0 0.0 0.0 13.0 0.0
2883.004348429652 0.0 0.0 0.0 1.0 0.0 0.0 13.0 0.0
2884.004348429652 0.0 0.0 0.0 1.0 0.0 0.0 13.0 0.0
2885.0022800657407 0.0 0.0 0.0 1.0 0.0 0.0 13.0 0.0
2886.004348429652 0.0 0.0 0.0 1.0 0.0 0.0 13.0 0.0
2887.004348429652 0.0 0.0 0.0 1.0 0.0 0.0 13.0 0.0
2888.004348429652 0.0 0.0 0.0 1.0 0.0 0.0 13.0 0.0
2889.004348429652 0.0 0.0 0.0 1.0 0.0 0.0 13.0 0.0
2890.004348429652 0.0 0.0 0.0 1.0 0.0 0.0 13.0 0.0
2891.004348429652 0.0 0.0 0.0 1.0 0.0 0.0 13.0 0.0
2892.004348429652 0.0 0.0 0.0 1.0 0.0 0.0 13.0 0.0
2893.004348429652 0.0 0.0 0.0 1.0 0.0 0.0 13.0 0.0
2894.0032198838658 0.0 0.0 0.0 1.0 0.0 0.0 13.0 0.0
2895.004348429652 0.0 0.0 0.0 1.0 0.0 0.0 13.0 0.0
2896.0034875494075 0.0 0.0 0.0 1.0 0.0 0.0 13.0 0.0
2897.004348429652 0.0 0.0 0.0 1.0 0.0 0.0 13.0 0.0
2898.004348429652 0.0 0.0 0.0 1.0 0.0 0.0 13.0 0.0
2899.002721747432 0.0 0.0 0.0 1.0 0.0 0.0 13.0 0.0
2900.004348429652 0.0 0.0 0.0 1.0 0.0 0.0 13.0 0.0
2901.004348429652 0.0 0.0 0.0 1.0 0.0 0.0 13.0 0.0
2902.004348429652 0.0 0.0 0.0 1.0 0.0 0.0 13.0 0.0
2903.004348429652 0.0 0.0 0.0 1.0 0.0 0.0 13.0 0.0
2904.000349360312 0.0 0.0 0.0 1.0 0.0 0.0 13.0 0.0
2905.0012966207646 0.0 0.0 0.0 1.0 0.0 0.0 13.0 0.0
2906.004348429652 0.0 0.0 0.0 1.0 0.0 0.0 13.0 0.0
2907.004348429652 0.0 0.0 0.0 1.0 0.0 0.0 13.0 0.0
2908.004348429652 0.0 0.0 0.0 1.0 0.0 0.0 13.0 0.0
2909.004348429652 0.0 0.0 0.0 1.0 0.0 0.0 13.0 0.0
2910.004348429652 0.0 0.0 0.0 1.0 0.0 0.0 13.0 0.0
2911.004348429652 0.0 0.0 0.0 1.0 0.0 0.0 13.0 0.0
2912.004348429652 0.0 0.0 0.0 1.0 0.0 0.0 13.0 0.0
2913.004348429652 0.0 0.0 0.0 1.0 0.0 0.0 13.0 0.0
2914.004348429652 0.0 0.0 0.0 1.0 0.0 0.0 13.0 0.0
2915.004348429652 0.0 0.0 0.0 1.0 0.0 0.0 13.0 0.0
2916.004348429652 0.0 0.0 0.0 1.0 0.0 0.0 13.0 0.0
2917.004348429652 0.0 0.0 0.0 1.0 0.0 0.0 13.0 0.0
2918.004348429652 0.0 0.0 0.0 1.0 0.0 0.0 13.0 0.0
2919.004348429652 0.0 0.0 0.0 1.0 0.0 0.0 13.0 0.0
2920.004348429652 0.0 0.0 0.0 1.0 0.0 0.0 13.0 0.0
2921.004348429652 0.0 0.0 0.0 1.0 0.0 0.0 13.0 0.0
2922.004348429652 0.0 0.0 0.0 1.0 0.0 0.0 13.0 0.0
2923.004348429652 0.0 0.0 0.0 1.0 0.0 0.0 13.0 0.0
2924.004348429652 0.0 0.0 0.0 1.0 0.0 0.0 13.0 0.0
2925.004348429652 0.0 0.0 0.0 1.0 0.0 0.0 13.0 0.0
2926.0020049332825 0.0 0.0 0.0 1.0 0.0 0.0 13.0 0.0
2927.004348429652 0.0 0.0 0.0 1.0 0.0 0.0 13.0 0.0
2928.004348429652 0.0 0.0 0.0 1.0 0.0 0.0 13.0 0.0
2929.003298701289 0.0 0.0 0.0 1.0 0.0 0.0 13.0 0.0
2930.003351785211 0.0 0.0 0.0 1.0 0.0 0.0 13.0 0.0
2931.0040286439817 0.0 0.0 0.0 1.0 0.0 0.0 13.0 0.0
2932.004348429652 0.0 0.0 0.0 1.0 0.0 0.0 13.0 0.0
2933.004348429652 0.0 0.0 0.0 1.0 0.0 0.0 13.0 0.0
2934.002972696514 0.0 0.0 0.0 1.0 0.0 0.0 13.0 0.0
2935.00323117511 0.0 0.0 0.0 1.0 0.0 0.0 13.0 0.0
2936.004348429652 0.0 0.0 0.0 1.0 0.0 0.0 13.0 0.0
2937.002129761117 0.0 0.0 0.0 1.0 0.0 0.0 13.0 0.0
2938.004348429652 0.0 0.0 0.0 1.0 0.0 0.0 13.0 0.0
2939.004348429652 0.0 0.0 0.0 1.0 0.0 0.0 13.0 0.0
2940.004348429652 0.0 0.0 0.0 1.0 0.0 0.0 13.0 0.0
2941.004348429652 0.0 0.0 0.0 1.0 0.0 0.0 13.0 0.0
2942.004348429652 0.0 0.0 0.0 1.0 0.0 0.0 13.0 0.0
2943.004348429652 0.0 0.0 0.0 1.0 0.0 0.0 13.0 0.0
2944.0026559944117 0.0 0.0 0.0 1.0 0.0 0.0 13.0 0.0
2945.004348429652 0.0 0.0 0.0 1.0 0.0 0.0 13.0 0.0
2946.004348429652 0.0 0.0 0.0 1.0 0.0 0.0 13.0 0.0
2947.004348429652 0.0 0.0 0.0 1.0 0.0 0.0 13.0 0.0
2948.004348429652 0.0 0.0 0.0 1.0 0.0 0.0 13.0 0.0
2949.004348429652 0.0 0.0 0.0 1.0 0.0 0.0 13.0 0.0
2950.004348429652 0.0 0.0 0.0 1.0 0.0 0.0 13.0 0.0
2951.004348429652 0.0 0.0 0.0 1.0 0.0 0.0 13.0 0.0
2952.002959194413 0.0 0.0 0.0 1.0 0.0 0.0 13.0 0.0
2953.004348429652 0.0 0.0 0.0 1.0 0.0 0.0 13.0 0.0
2954.004348429652 0.0 0.0 0.0 1.0 0.0 0.0 13.0 0.0
2955.0025844720003 0.0 0.0 0.0 1.0 0.0 0.0 13.0 0.0
2956.004348429652 0.0 0.0 0.0 1.0 0.0 0.0 13.0 0.0
2957.004348429652 0.0 0.0 0.0 1.0 0.0 0.0 13.0 0.0
2958.004348429652 0.0 0.0 0.0 1.0 0.0 0.0 13.0 0.0
2959.004348429652 0.0 0.0 0.0 1.0 0.0 0.0 13.0 0.0
2960.004348429652 0.0 0.0 0.0 1.0 0.0 0.0 13.0 0.0
2961.004348429652 0.0 0.0 0.0 1.0 0.0 0.0 13.0 0.0
2962.004348429652 0.0 0.0 0.0 1.0 0.0 0.0 13.0 0.0
2963.004348429652 0.0 0.0 0.0 1.0 0.0 0.0 13.0 0.0
2964.004348429652 0.0 0.0 0.0 1.0 0.0 0.0 13.0 0.0
2965.004348429652 0.0 0.0 0.0 1.0 0.0 0.0 13.0 0.0
2966.004348429652 0.0 0.0 0.0 1.0 0.0 0.0 13.0 0.0
2967.004348429652 0.0 0.0 0.0 1.0 0.0 0.0 13.0 0.0
2968.004348429652 0.0 0.0 0.0 1.0 0.0 0.0 13.0 0.0
2969.004348429652 0.0 0.0 0.0 1.0 0.0 0.0 13.0 0.0
2970.0022103693564 0.0 0.0 0.0 1.0 0.0 0.0 13.0 0.0
2971.0011157098215 0.0 0.0 0.0 1.0 0.0 0.0 13.0 0.0
2972.004348429652 0.0 0.0 0.0 1.0 0.0 0.0 13.0 0.0
2973.004348429652 0.0 0.0 0.0 1.0 0.0 0.0 13.0 0.0
2974.004348429652 0.0 0.0 0.0 1.0 0.0 0.0 13.0 0.0
2975.004348429652 0.0 0.0 0.0 1.0 0.0 0.0 13.0 0.0
2976.002481898448 0.0 0.0 0.0 1.0 0.0 0.0 13.0 0.0
2977.0016229270373 0.0 0.0 0.0 1.0 0.0 0.0 13.0 0.0
2978.004348429652 0.0 0.0 0.0 1.0 0.0 0.0 13.0 0.0
2979.004348429652 0.0 0.0 0.0 1.0 0.0 0.0 13.0 0.0
2980.004348429652 0.0 0.0 0.0 1.0 0.0 0.0 13.0 0.0
2981.004348429652 0.0 0.0 0.0 1.0 0.0 0.0 13.0 0.0
2982.004348429652 0.0 0.0 0.0 1.0 0.0 0.0 13.0 0.0
2983.004348429652 0.0 0.0 0.0 1.0 0.0 0.0 13.0 0.0
2984.004348429652 0.0 0.0 0.0 1.0 0.0 0.0 13.0 0.0
2985.004348429652 0.0 0.0 0.0 1.0 0.0 0.0 13.0 0.0
2986.004348429652 0.0 0.0 0.0 1.0 0.0 0.0 13.0 0.0
2987.004348429652 0.0 0.0 0.0 1.0 0.0 0.0 13.0 0.0
2988.0042829996137 0.0 0.0 0.0 1.0 0.0 0.0 13.0 0.0
2989.004348429652 0.0 0.0 0.0 1.0 0.0 0.0 13.0 0.0
2990.004348429652 0.0 0.0 0.0 1.0 0.0 0.0 13.0 0.0
2991.0029244681805 0.0 0.0 0.0 1.0 0.0 0.0 13.0 0.0
2992.001361687372 0.0 0.0 0.0 1.0 0.0 0.0 13.0 0.0
2993.004348429652 0.0 0.0 0.0 1.0 0.0 0.0 13.0 0.0
2994.004348429652 0.0 0.0 0.0 1.0 0.0 0.0 13.0 0.0
2995.0009232563384 0.0 0.0 0.0 1.0 0.0 0.0 13.0 0.0
2996.004348429652 0.0 0.0 0.0 1.0 0.0 0.0 13.0 0.0
2997.004348429652 0.0 0.0 0.0 1.0 0.0 0.0 13.0 0.0
2998.004348429652 0.0 0.0 0.0 1.0 0.0 0.0 13.0 0.0
2999.001918458206 0.0 0.0 0.0 1.0 0.0 0.0 13.0 0.0
3000.004348429652 0.0 0.0 0.0 1.0 0.0 0.0 13.0 0.0
3001.004348429652 0.0 0.0 0.0 1.0 0.0 0.0 13.0 0.0
3002.004348429652 0.0 0.0 0.0 1.0 0.0 0.0 13.0 0.0
3003.004348429652 0.0 0.0 0.0 1.0 0.0 0.0 13.0 0.0
3004.004348429652 0.0 0.0 0.0 1.0 0.0 0.0 13.0 0.0
3005.004348429652 0.0 0.0 0.0 1.0 0.0 0.0 13.0 0.0
3006.004348429652 0.0 0.0 0.0 1.0 0.0 0.0 13.0 0.0
3007.0040012594604 0.0 0.0 0.0 1.0 0.0 0.0 13.0 0.0
3008.000984297004 0.0 0.0 0.0 1.0 0.0 0.0 13.0 0.0
3009.004348429652 0.0 0.0 0.0 1.0 0.0 0.0 13.0 0.0
3010.004348429652 0.0 0.0 0.0 1.0 0.0 0.0 13.0 0.0
3011.004348429652 0.0 0.0 0.0 1.0 0.0 0.0 13.0 0.0
3012.002082118526 0.0 0.0 0.0 1.0 0.0 0.0 13.0 0.0
3013.004348429652 0.0 0.0 0.0 1.0 0.0 0.0 13.0 0.0
3014.004348429652 0.0 0.0 0.0 1.0 0.0 0.0 13.0 0.0
3015.0021821439786 0.0 0.0 0.0 1.0 0.0 0.0 13.0 0.0
3016.004348429652 0.0 0.0 0.0 1.0 0.0 0.0 13.0 0.0
3017.0029826134555 0.0 0.0 0.0 1.0 0.0 0.0 13.0 0.0
3018.004348429652 0.0 0.0 0.0 1.0 0.0 0.0 13.0 0.0
3019.004348429652 0.0 0.0 0.0 1.0 0.0 0.0 13.0 0.0
3020.004348429652 0.0 0.0 0.0 1.0 0.0 0.0 13.0 0.0
3021.004348429652 0.0 0.0 0.0 1.0 0.0 0.0 13.0 0.0
3022.004348429652 0.0 0.0 0.0 1.0 0.0 0.0 13.0 0.0
3023.004348429652 0.0 0.0 0.0 1.0 0.0 0.0 13.0 0.0
3024.0012739465074 0.0 0.0 0.0 1.0 0.0 0.0 13.0 0.0
3025.0015889356496 0.0 0.0 0.0 1.0 0.0 0.0 13.0 0.0
3026.004348429652 0.0 0.0 0.0 1.0 0.0 0.0 13.0 0.0
3027.004348429652 0.0 0.0 0.0 1.0 0.0 0.0 13.0 0.0
3028.0017548785017 0.0 0.0 0.0 1.0 0.0 0.0 13.0 0.0
3029.0014107689794 0.0 0.0 0.0 1.0 0.0 0.0 13.0 0.0
3030.004348429652 0.0 0.0 0.0 1.0 0.0 0.0 13.0 0.0
3031.004348429652 0.0 0.0 0.0 1.0 0.0 0.0 13.0 0.0
3032.004348429652 0.0 0.0 0.0 1.0 0.0 0.0 13.0 0.0
3033.0039105486385 0.0 0.0 0.0 1.0 0.0 0.0 13.0 0.0
3034.002136848775 0.0 0.0 0.0 1.0 0.0 0.0 13.0 0.0
3035.004348429652 0.0 0.0 0.0 1.0 0.0 0.0 13.0 0.0
3036.004348429652 0.0 0.0 0.0 1.0 0.0 0.0 13.0 0.0
3037.004348429652 0.0 0.0 0.0 1.0 0.0 0.0 13.0 0.0
3038.004348429652 0.0 0.0 0.0 1.0 0.0 0.0 13.0 0.0
3039.004348429652 0.0 0.0 0.0 1.0 0.0 0.0 13.0 0.0
3040.004348429652 0.0 0.0 0.0 1.0 0.0 0.0 13.0 0.0
3041.002404415649 0.0 0.0 0.0 1.0 0.0 0.0 13.0 0.0
3042.004348429652 0.0 0.0 0.0 1.0 0.0 0.0 13.0 0.0
3043.0023100870317 0.0 0.0 0.0 1.0 0.0 0.0 13.0 0.0
3044.004348429652 0.0 0.0 0.0 1.0 0.0 0.0 13.0 0.0
3045.0021476796596 0.0 0.0 0.0 1.0 0.0 0.0 13.0 0.0
3046.0026771416497 0.0 0.0 0.0 1.0 0.0 0.0 13.0 0.0
3047.0041281415342 0.0 0.0 0.0 1.0 0.0 0.0 13.0 0.0
3048.004348429652 0.0 0.0 0.0 1.0 0.0 0.0 13.0 0.0
3049.004348429652 0.0 0.0 0.0 1.0 0.0 0.0 13.0 0.0
3050.000860278577 0.0 0.0 0.0 1.0 0.0 0.0 13.0 0.0
3051.004348429652 0.0 0.0 0.0 1.0 0.0 0.0 13.0 0.0
3052.004348429652 0.0 0.0 0.0 1.0 0.0 0.0 13.0 0.0
3053.0015111088546 0.0 0.0 0.0 1.0 0.0 0.0 13.0 0.0
3054.004348429652 0.0 0.0 0.0 1.0 0.0 0.0 13.0 0.0
3055.004348429652 0.0 0.0 0.0 1.0 0.0 0.0 13.0 0.0
3056.000033552739 0.0 0.0 0.0 1.0 0.0 0.0 13.0 0.0
3057.000189677166 0.0 0.0 0.0 1.0 0.0 0.0 13.0 0.0
3058.004348429652 0.0 0.0 0.0 1.0 0.0 0.0 13.0 0.0
3059.004348429652 0.0 0.0 0.0 1.0 0.0 0.0 13.0 0.0
3060.0025828937737 0.0 0.0 0.0 1.0 0.0 0.0 13.0 0.0
3061.002206513067 0.0 0.0 0.0 1.0 0.0 0.0 13.0 0.0
3062.0027014015177 0.0 0.0 0.0 1.0 0.0 0.0 13.0 0.0
3063.002287126346 0.0 0.0 0.0 1.0 0.0 0.0 13.0 0.0
3064.004348429652 0.0 0.0 0.0 1.0 0.0 0.0 13.0 0.0
3065.004348429652 0.0 0.0 0.0 1.0 0.0 0.0 13.0 0.0
3066.004348429652 0.0 0.0 0.0 1.0 0.0 0.0 13.0 0.0
3067.004348429652 0.0 0.0 0.0 1.0 0.0 0.0 13.0 0.0
3068.003502180944 0.0 0.0 0.0 1.0 0.0 0.0 13.0 0.0
3069.0026415842303 0.0 0.0 0.0 1.0 0.0 0.0 13.0 0.0
3070.004348429652 0.0 0.0 0.0 1.0 0.0 0.0 13.0 0.0
3071.000683258893 0.0 0.0 0.0 1.0 0.0 0.0 13.0 0.0
3072.004348429652 0.0 0.0 0.0 1.0 0.0 0.0 13.0 0.0
3073.0032795154625 0.0 0.0 0.0 1.0 0.0 0.0 13.0 0.0
3074.004348429652 0.0 0.0 0.0 1.0 0.0 0.0 13.0 0.0
3075.004348429652 0.0 0.0 0.0 1.0 0.0 0.0 13.0 0.0
3076.004348429652 0.0 0.0 0.0 1.0 0.0 0.0 13.0 0.0
3077.0010069213 0.0 0.0 0.0 1.0 0.0 0.0 13.0 0.0
3078.004348429652 0.0 0.0 0.0 1.0 0.0 0.0 13.0 0.0
3079.000973437309 0.0 0.0 0.0 1.0 0.0 0.0 13.0 0.0
3080.004348429652 0.0 0.0 0.0 1.0 0.0 0.0 13.0 0.0
3081.004348429652 0.0 0.0 0.0 1.0 0.0 0.0 13.0 0.0
3082.0042911501205 0.0 0.0 0.0 1.0 0.0 0.0 13.0 0.0
3083.004348429652 0.0 0.0 0.0 1.0 0.0 0.0 13.0 0.0
3084.004348429652 0.0 0.0 0.0 1.0 0.0 0.0 13.0 0.0
3085.0016929328417 0.0 0.0 0.0 1.0 0.0 0.0 13.0 0.0
3086.004348429652 0.0 0.0 0.0 1.0 0.0 0.0 13.0 0.0
3087.004348429652 0.0 0.0 0.0 1.0 0.0 0.0 13.0 0.0
3088.004348429652 0.0 0.0 0.0 1.0 0.0 0.0 13.0 0.0
3089.004348429652 0.0 0.0 0.0 1.0 0.0 0.0 13.0 0.0
3090.004348429652 0.0 0.0 0.0 1.0 0.0 0.0 13.0 0.0
3091.004348429652 0.0 0.0 0.0 1.0 0.0 0.0 13.0 0.0
3092.004348429652 0.0 0.0 0.0 1.0 0.0 0.0 13.0 0.0
3093.004348429652 0.0 0.0 0.0 1.0 0.0 0.0 13.0 0.0
3094.004348429652 0.0 0.0 0.0 1.0 0.0 0.0 13.0 0.0
3095.004348429652 0.0 0.0 0.0 1.0 0.0 0.0 13.0 0.0
3096.004348429652 0.0 0.0 0.0 1.0 0.0 0.0 13.0 0.0
3097.004348429652 0.0 0.0 0.0 1.0 0.0 0.0 13.0 0.0
3098.004348429652 0.0 0.0 0.0 1.0 0.0 0.0 13.0 0.0
3099.004348429652 0.0 0.0 0.0 1.0 0.0 0.0 13.0 0.0
3100.004348429652 0.0 0.0 0.0 1.0 0.0 0.0 13.0 0.0
3101.004348429652 0.0 0.0 0.0 1.0 0.0 0.0 13.0 0.0
3102.004348429652 0.0 0.0 0.0 1.0 0.0 0.0 13.0 0.0
3103.004348429652 0.0 0.0 0.0 1.0 0.0 0.0 13.0 0.0
3104.004348429652 0.0 0.0 0.0 1.0 0.0 0.0 13.0 0.0
3105.004348429652 0.0 0.0 0.0 1.0 0.0 0.0 13.0 0.0
3106.004348429652 0.0 0.0 0.0 1.0 0.0 0.0 13.0 0.0
3107.004348429652 0.0 0.0 0.0 1.0 0.0 0.0 13.0 0.0
3108.0036739891702 0.0 0.0 0.0 1.0 0.0 0.0 13.0 0.0
3109.004348429652 0.0 0.0 0.0 1.0 0.0 0.0 13.0 0.0
3110.004348429652 0.0 0.0 0.0 1.0 0.0 0.0 13.0 0.0
3111.0027991492443 0.0 0.0 0.0 1.0 0.0 0.0 13.0 0.0
3112.0042004555016 0.0 0.0 0.0 1.0 0.0 0.0 13.0 0.0
3113.004348429652 0.0 0.0 0.0 1.0 0.0 0.0 13.0 0.0
3114.004348429652 0.0 0.0 0.0 1.0 0.0 0.0 13.0 0.0
3115.004348429652 0.0 0.0 0.0 1.0 0.0 0.0 13.0 0.0
3116.004348429652 0.0 0.0 0.0 1.0 0.0 0.0 13.0 0.0
3117.004348429652 0.0 0.0 0.0 1.0 0.0 0.0 13.0 0.0
3118.004348429652 0.0 0.0 0.0 1.0 0.0 0.0 13.0 0.0
3119.0018435588877 0.0 0.0 0.0 1.0 0.0 0.0 13.0 0.0
3120.0015690393025 0.0 0.0 0.0 1.0 0.0 0.0 13.0 0.0
3121.004348429652 0.0 0.0 0.0 1.0 0.0 0.0 13.0 0.0
3122.004348429652 0.0 0.0 0.0 1.0 0.0 0.0 13.0 0.0
3123.004348429652 0.0 0.0 0.0 1.0 0.0 0.0 13.0 0.0
3124.004348429652 0.0 0.0 0.0 1.0 0.0 0.0 13.0 0.0
3125.004348429652 0.0 0.0 0.0 1.0 0.0 0.0 13.0 0.0
3126.004348429652 0.0 0.0 0.0 1.0 0.0 0.0 13.0 0.0
3127.004348429652 0.0 0.0 0.0 1.0 0.0 0.0 13.0 0.0
3128.004348429652 0.0 0.0 0.0 1.0 0.0 0.0 13.0 0.0
3129.004348429652 0.0 0.0 0.0 1.0 0.0 0.0 13.0 0.0
3130.0004591617876 0.0 0.0 0.0 1.0 0.0 0.0 13.0 0.0
3131.004348429652 0.0 0.0 0.0 1.0 0.0 0.0 13.0 0.0
3132.004348429652 0.0 0.0 0.0 1.0 0.0 0.0 13.0 0.0
3133.004348429652 0.0 0.0 0.0 1.0 0.0 0.0 13.0 0.0
3134.004348429652 0.0 0.0 0.0 1.0 0.0 0.0 13.0 0.0
3135.004348429652 0.0 0.0 0.0 1.0 0.0 0.0 13.0 0.0
3136.004348429652 0.0 0.0 0.0 1.0 0.0 0.0 13.0 0.0
3137.004348429652 0.0 0.0 0.0 1.0 0.0 0.0 13.0 0.0
3138.0008026602427 0.0 0.0 0.0 1.0 0.0 0.0 13.0 0.0
3139.000472219745 0.0 0.0 0.0 1.0 0.0 0.0 13.0 0.0
3140.004348429652 0.0 0.0 0.0 1.0 0.0 0.0 13.0 0.0
3141.004348429652 0.0 0.0 0.0 1.0 0.0 0.0 13.0 0.0
3142.004348429652 0.0 0.0 0.0 1.0 0.0 0.0 13.0 0.0
3143.004348429652 0.0 0.0 0.0 1.0 0.0 0.0 13.0 0.0
3144.004348429652 0.0 0.0 0.0 1.0 0.0 0.0 13.0 0.0
3145.004348429652 0.0 0.0 0.0 1.0 0.0 0.0 13.0 0.0
3146.004348429652 0.0 0.0 0.0 1.0 0.0 0.0 13.0 0.0
3147.002941157736 0.0 0.0 0.0 1.0 0.0 0.0 13.0 0.0
3148.004348429652 0.0 0.0 0.0 1.0 0.0 0.0 13.0 0.0
3149.004348429652 0.0 0.0 0.0 1.0 0.0 0.0 13.0 0.0
3150.0022847318273 0.0 0.0 0.0 1.0 0.0 0.0 13.0 0.0
3151.0040711317465 0.0 0.0 0.0 1.0 0.0 0.0 13.0 0.0
3152.004348429652 0.0 0.0 0.0 1.0 0.0 0.0 13.0 0.0
3153.0043249225546 0.0 0.0 0.0 1.0 0.0 0.0 13.0 0.0
3154.002784834073 0.0 0.0 0.0 1.0 0.0 0.0 13.0 0.0
3155.004348429652 0.0 0.0 0.0 1.0 0.0 0.0 13.0 0.0
3156.004348429652 0.0 0.0 0.0 1.0 0.0 0.0 13.0 0.0
3157.004348429652 0.0 0.0 0.0 1.0 0.0 0.0 13.0 0.0
3158.004348429652 0.0 0.0 0.0 1.0 0.0 0.0 13.0 0.0
3159.004348429652 0.0 0.0 0.0 1.0 0.0 0.0 13.0 0.0
3160.004348429652 0.0 0.0 0.0 1.0 0.0 0.0 13.0 0.0
3161.004348429652 0.0 0.0 0.0 1.0 0.0 0.0 13.0 0.0
3162.004348429652 0.0 0.0 0.0 1.0 0.0 0.0 13.0 0.0
3163.004348429652 0.0 0.0 0.0 1.0 0.0 0.0 13.0 0.0
3164.002610350923 0.0 0.0 0.0 1.0 0.0 0.0 13.0 0.0
3165.004348429652 0.0 0.0 0.0 1.0 0.0 0.0 13.0 0.0
3166.004113317262 0.0 0.0 0.0 1.0 0.0 0.0 13.0 0.0
3167.004348429652 0.0 0.0 0.0 1.0 0.0 0.0 13.0 0.0
3168.004348429652 0.0 0.0 0.0 1.0 0.0 0.0 13.0 0.0
3169.004348429652 0.0 0.0 0.0 1.0 0.0 0.0 13.0 0.0
3170.004348429652 0.0 0.0 0.0 1.0 0.0 0.0 13.0 0.0
3171.004348429652 0.0 0.0 0.0 1.0 0.0 0.0 13.0 0.0
3172.004348429652 0.0 0.0 0.0 1.0 0.0 0.0 13.0 0.0
3173.004348429652 0.0 0.0 0.0 1.0 0.0 0.0 13.0 0.0
3174.0000474218173 0.0 0.0 0.0 1.0 0.0 0.0 13.0 0.0
3175.0038250663797 0.0 0.0 0.0 1.0 0.0 0.0 13.0 0.0
3176.004348429652 0.0 0.0 0.0 1.0 0.0 0.0 13.0 0.0
3177.004348429652 0.0 0.0 0.0 1.0 0.0 0.0 13.0 0.0
3178.004348429652 0.0 0.0 0.0 1.0 0.0 0.0 13.0 0.0
3179.0034276319666 0.0 0.0 0.0 1.0 0.0 0.0 13.0 0.0
3180.00210552063 0.0 0.0 0.0 1.0 0.0 0.0 13.0 0.0
3181.004348429652 0.0 0.0 0.0 1.0 0.0 0.0 13.0 0.0
3182.004348429652 0.0 0.0 0.0 1.0 0.0 0.0 13.0 0.0
3183.004348429652 0.0 0.0 0.0 1.0 0.0 0.0 13.0 0.0
3184.004348429652 0.0 0.0 0.0 1.0 0.0 0.0 13.0 0.0
3185.004348429652 0.0 0.0 0.0 1.0 0.0 0.0 13.0 0.0
3186.004348429652 0.0 0.0 0.0 1.0 0.0 0.0 13.0 0.0
3187.004348429652 0.0 0.0 0.0 1.0 0.0 0.0 13.0 0.0
3188.0013529910934 0.0 0.0 0.0 1.0 0.0 0.0 13.0 0.0
3189.004348429652 0.0 0.0 0.0 1.0 0.0 0.0 13.0 0.0
3190.004348429652 0.0 0.0 0.0 1.0 0.0 0.0 13.0 0.0
3191.004348429652 0.0 0.0 0.0 1.0 0.0 0.0 13.0 0.0
3192.004348429652 0.0 0.0 0.0 1.0 0.0 0.0 13.0 0.0
3193.004348429652 0.0 0.0 0.0 1.0 0.0 0.0 13.0 0.0
3194.004348429652 0.0 0.0 0.0 1.0 0.0 0.0 13.0 0.0
3195.004348429652 0.0 0.0 0.0 1.0 0.0 0.0 13.0 0.0
3196.001019412672 0.0 0.0 0.0 1.0 0.0 0.0 13.0 0.0
3197.004348429652 0.0 0.0 0.0 1.0 0.0 0.0 13.0 0.0
3198.0002617052087 0.0 0.0 0.0 1.0 0.0 0.0 13.0 0.0
3199.004348429652 0.0 0.0 0.0 1.0 0.0 0.0 13.0 0.0
3200.004348429652 0.0 0.0 0.0 1.0 0.0 0.0 13.0 0.0
3201.004348429652 0.0 0.0 0.0 1.0 0.0 0.0 13.0 0.0
3202.004348429652 0.0 0.0 0.0 1.0 0.0 0.0 13.0 0.0
3203.004348429652 0.0 0.0 0.0 1.0 0.0 0.0 13.0 0.0
3204.004348429652 0.0 0.0 0.0 1.0 0.0 0.0 13.0 0.0
3205.0018952972623 0.0 0.0 0.0 1.0 0.0 0.0 13.0 0.0
3206.004348429652 0.0 0.0 0.0 1.0 0.0 0.0 13.0 0.0
3207.0004713608864 0.0 0.0 0.0 1.0 0.0 0.0 13.0 0.0
3208.000641205972 0.0 0.0 0.0 1.0 0.0 0.0 13.0 0.0
3209.004348429652 0.0 0.0 0.0 1.0 0.0 0.0 13.0 0.0
3210.0014855984905 0.0 0.0 0.0 1.0 0.0 0.0 13.0 0.0
3211.004348429652 0.0 0.0 0.0 1.0 0.0 0.0 13.0 0.0
3212.000851604028 0.0 0.0 0.0 1.0 0.0 0.0 13.0 0.0
3213.004348429652 0.0 0.0 0.0 1.0 0.0 0.0 13.0 0.0
3214.004348429652 0.0 0.0 0.0 1.0 0.0 0.0 13.0 0.0
3215.004348429652 0.0 0.0 0.0 1.0 0.0 0.0 13.0 0.0
3216.004348429652 0.0 0.0 0.0 1.0 0.0 0.0 13.0 0.0
3217.004348429652 0.0 0.0 0.0 1.0 0.0 0.0 13.0 0.0
3218.004348429652 0.0 0.0 0.0 1.0 0.0 0.0 13.0 0.0
3219.004348429652 0.0 0.0 0.0 1.0 0.0 0.0 13.0 0.0
3220.004348429652 0.0 0.0 0.0 1.0 0.0 0.0 13.0 0.0
3221.004348429652 0.0 0.0 0.0 1.0 0.0 0.0 13.0 0.0
3222.004348429652 0.0 0.0 0.0 1.0 0.0 0.0 13.0 0.0
3223.004348429652 0.0 0.0 0.0 1.0 0.0 0.0 13.0 0.0
3224.004348429652 0.0 0.0 0.0 1.0 0.0 0.0 13.0 0.0
3225.004348429652 0.0 0.0 0.0 1.0 0.0 0.0 13.0 0.0
3226.004348429652 0.0 0.0 0.0 1.0 0.0 0.0 13.0 0.0
3227.003277273411 0.0 0.0 0.0 1.0 0.0 0.0 13.0 0.0
3228.003633433249 0.0 0.0 0.0 1.0 0.0 0.0 13.0 0.0
3229.00033698452 0.0 0.0 0.0 1.0 0.0 0.0 13.0 0.0
3230.0035473068806 0.0 0.0 0.0 1.0 0.0 0.0 13.0 0.0
3231.004348429652 0.0 0.0 0.0 1.0 0.0 0.0 13.0 0.0
3232.004348429652 0.0 0.0 0.0 1.0 0.0 0.0 13.0 0.0
3233.004348429652 0.0 0.0 0.0 1.0 0.0 0.0 13.0 0.0
3234.0039458425426 0.0 0.0 0.0 1.0 0.0 0.0 13.0 0.0
3235.004348429652 0.0 0.0 0.0 1.0 0.0 0.0 13.0 0.0
3236.0003838122034 0.0 0.0 0.0 1.0 0.0 0.0 13.0 0.0
3237.004348429652 0.0 0.0 0.0 1.0 0.0 0.0 13.0 0.0
3238.004348429652 0.0 0.0 0.0 1.0 0.0 0.0 13.0 0.0
3239.004348429652 0.0 0.0 0.0 1.0 0.0 0.0 13.0 0.0
3240.004348429652 0.0 0.0 0.0 1.0 0.0 0.0 13.0 0.0
3241.004348429652 0.0 0.0 0.0 1.0 0.0 0.0 13.0 0.0
3242.002612314899 0.0 0.0 0.0 1.0 0.0 0.0 13.0 0.0
3243.000839629129 0.0 0.0 0.0 1.0 0.0 0.0 13.0 0.0
3244.004348429652 0.0 0.0 0.0 1.0 0.0 0.0 13.0 0.0
3245.0023390342444 0.0 0.0 0.0 1.0 0.0 0.0 13.0 0.0
3246.002707784098 0.0 0.0 0.0 1.0 0.0 0.0 13.0 0.0
3247.004348429652 0.0 0.0 0.0 1.0 0.0 0.0 13.0 0.0
3248.004348429652 0.0 0.0 0.0 1.0 0.0 0.0 13.0 0.0
3249.004348429652 0.0 0.0 0.0 1.0 0.0 0.0 13.0 0.0
3250.00119376844 0.0 0.0 0.0 1.0 0.0 0.0 13.0 0.0
3251.003736938576 0.0 0.0 0.0 1.0 0.0 0.0 13.0 0.0
3252.001579036256 0.0 0.0 0.0 1.0 0.0 0.0 13.0 0.0
3253.002458198725 0.0 0.0 0.0 1.0 0.0 0.0 13.0 0.0
3254.004348429652 0.0 0.0 0.0 1.0 0.0 0.0 13.0 0.0
3255.004348429652 0.0 0.0 0.0 1.0 0.0 0.0 13.0 0.0
3256.004348429652 0.0 0.0 0.0 1.0 0.0 0.0 13.0 0.0
3257.0019027370217 0.0 0.0 0.0 1.0 0.0 0.0 13.0 0.0
3258.004348429652 0.0 0.0 0.0 1.0 0.0 0.0 13.0 0.0
3259.00296528893 0.0 0.0 0.0 1.0 0.0 0.0 13.0 0.0
3260.0003300684803 0.0 0.0 0.0 1.0 0.0 0.0 13.0 0.0
3261.004348429652 0.0 0.0 0.0 1.0 0.0 0.0 13.0 0.0
3262.004348429652 0.0 0.0 0.0 1.0 0.0 0.0 13.0 0.0
3263.004348429652 0.0 0.0 0.0 1.0 0.0 0.0 13.0 0.0
3264.003614879155 0.0 0.0 0.0 1.0 0.0 0.0 13.0 0.0
3265.004348429652 0.0 0.0 0.0 1.0 0.0 0.0 13.0 0.0
3266.001375314879 0.0 0.0 0.0 1.0 0.0 0.0 13.0 0.0
3267.004348429652 0.0 0.0 0.0 1.0 0.0 0.0 13.0 0.0
3268.004348429652 0.0 0.0 0.0 1.0 0.0 0.0 13.0 0.0
3269.004348429652 0.0 0.0 0.0 1.0 0.0 0.0 13.0 0.0
3270.004348429652 0.0 0.0 0.0 1.0 0.0 0.0 13.0 0.0
3271.002281878045 0.0 0.0 0.0 1.0 0.0 0.0 13.0 0.0
3272.004348429652 0.0 0.0 0.0 1.0 0.0 0.0 13.0 0.0
3273.003216645645 0.0 0.0 0.0 1.0 0.0 0.0 13.0 0.0
3274.004348429652 0.0 0.0 0.0 1.0 0.0 0.0 13.0 0.0
3275.002300007806 0.0 0.0 0.0 1.0 0.0 0.0 13.0 0.0
3276.004348429652 0.0 0.0 0.0 1.0 0.0 0.0 13.0 0.0
3277.004348429652 0.0 0.0 0.0 1.0 0.0 0.0 13.0 0.0
3278.004348429652 0.0 0.0 0.0 1.0 0.0 0.0 13.0 0.0
3279.0026725561843 0.0 0.0 0.0 1.0 0.0 0.0 13.0 0.0
3280.004348429652 0.0 0.0 0.0 1.0 0.0 0.0 13.0 0.0
3281.003681772872 0.0 0.0 0.0 1.0 0.0 0.0 13.0 0.0
3282.004348429652 0.0 0.0 0.0 1.0 0.0 0.0 13.0 0.0
3283.0037395839913 0.0 0.0 0.0 1.0 0.0 0.0 13.0 0.0
3284.004348429652 0.0 0.0 0.0 1.0 0.0 0.0 13.0 0.0
3285.004348429652 0.0 0.0 0.0 1.0 0.0 0.0 13.0 0.0
3286.004348429652 0.0 0.0 0.0 1.0 0.0 0.0 13.0 0.0
3287.0010032210453 0.0 0.0 0.0 1.0 0.0 0.0 13.0 0.0
3288.004348429652 0.0 0.0 0.0 1.0 0.0 0.0 13.0 0.0
3289.004348429652 0.0 0.0 0.0 1.0 0.0 0.0 13.0 0.0
3290.004348429652 0.0 0.0 0.0 1.0 0.0 0.0 13.0 0.0
3291.004348429652 0.0 0.0 0.0 1.0 0.0 0.0 13.0 0.0
3292.004348429652 0.0 0.0 0.0 1.0 0.0 0.0 13.0 0.0
3293.004348429652 0.0 0.0 0.0 1.0 0.0 0.0 13.0 0.0
3294.004348429652 0.0 0.0 0.0 1.0 0.0 0.0 13.0 0.0
3295.0025065614777 0.0 0.0 0.0 1.0 0.0 0.0 13.0 0.0
3296.004348429652 0.0 0.0 0.0 1.0 0.0 0.0 13.0 0.0
3297.0041947003124 0.0 0.0 0.0 1.0 0.0 0.0 13.0 0.0
3298.003634414254 0.0 0.0 0.0 1.0 0.0 0.0 13.0 0.0
3299.004348429652 0.0 0.0 0.0 1.0 0.0 0.0 13.0 0.0
3300.004348429652 0.0 0.0 0.0 1.0 0.0 0.0 13.0 0.0
3301.004348429652 0.0 0.0 0.0 1.0 0.0 0.0 13.0 0.0
3302.004348429652 0.0 0.0 0.0 1.0 0.0 0.0 13.0 0.0
3303.0014525400015 0.0 0.0 0.0 1.0 0.0 0.0 13.0 0.0
3304.0001661741003 0.0 0.0 0.0 1.0 0.0 0.0 13.0 0.0
3305.004348429652 0.0 0.0 0.0 1.0 0.0 0.0 13.0 0.0
3306.0036046221976 0.0 0.0 0.0 1.0 0.0 0.0 13.0 0.0
3307.001946303829 0.0 0.0 0.0 1.0 0.0 0.0 13.0 0.0
3308.004348429652 0.0 0.0 0.0 1.0 0.0 0.0 13.0 0.0
3309.004348429652 0.0 0.0 0.0 1.0 0.0 0.0 13.0 0.0
3310.0009456773564 0.0 0.0 0.0 1.0 0.0 0.0 13.0 0.0
3311.004348429652 0.0 0.0 0.0 1.0 0.0 0.0 13.0 0.0
3312.004348429652 0.0 0.0 0.0 1.0 0.0 0.0 13.0 0.0
3313.004348429652 0.0 0.0 0.0 1.0 0.0 0.0 13.0 0.0
3314.004348429652 0.0 0.0 0.0 1.0 0.0 0.0 13.0 0.0
3315.004348429652 0.0 0.0 0.0 1.0 0.0 0.0 13.0 0.0
3316.002461321109 0.0 0.0 0.0 1.0 0.0 0.0 13.0 0.0
3317.004348429652 0.0 0.0 0.0 1.0 0.0 0.0 13.0 0.0
3318.004348429652 0.0 0.0 0.0 1.0 0.0 0.0 13.0 0.0
3319.004348429652 0.0 0.0 0.0 1.0 0.0 0.0 13.0 0.0
3320.0031751930396 0.0 0.0 0.0 1.0 0.0 0.0 13.0 0.0
3321.004348429652 0.0 0.0 0.0 1.0 0.0 0.0 13.0 0.0
3322.004348429652 0.0 0.0 0.0 1.0 0.0 0.0 13.0 0.0
3323.0004509072282 0.0 0.0 0.0 1.0 0.0 0.0 13.0 0.0
3324.0009080075165 0.0 0.0 0.0 1.0 0.0 0.0 13.0 0.0
3325.0001384145276 0.0 0.0 0.0 1.0 0.0 0.0 13.0 0.0
3326.0028060545983 0.0 0.0 0.0 1.0 0.0 0.0 13.0 0.0
3327.003697339067 0.0 0.0 0.0 1.0 0.0 0.0 13.0 0.0
3328.0004938626994 0.0 0.0 0.0 1.0 0.0 0.0 13.0 0.0
3329.004348429652 0.0 0.0 0.0 1.0 0.0 0.0 13.0 0.0
3330.004348429652 0.0 0.0 0.0 1.0 0.0 0.0 13.0 0.0
3331.004348429652 0.0 0.0 0.0 1.0 0.0 0.0 13.0 0.0
3332.004348429652 0.0 0.0 0.0 1.0 0.0 0.0 13.0 0.0
3333.004348429652 0.0 0.0 0.0 1.0 0.0 0.0 13.0 0.0
3334.004348429652 0.0 0.0 0.0 1.0 0.0 0.0 13.0 0.0
3335.004348429652 0.0 0.0 0.0 1.0 0.0 0.0 13.0 0.0
3336.004348429652 0.0 0.0 0.0 1.0 0.0 0.0 13.0 0.0
3337.004348429652 0.0 0.0 0.0 1.0 0.0 0.0 13.0 0.0
3338.004348429652 0.0 0.0 0.0 1.0 0.0 0.0 13.0 0.0
3339.004348429652 0.0 0.0 0.0 1.0 0.0 0.0 13.0 0.0
3340.004348429652 0.0 0.0 0.0 1.0 0.0 0.0 13.0 0.0
3341.004348429652 0.0 0.0 0.0 1.0 0.0 0.0 13.0 0.0
3342.004348429652 0.0 0.0 0.0 1.0 0.0 0.0 13.0 0.0
3343.004348429652 0.0 0.0 0.0 1.0 0.0 0.0 13.0 0.0
3344.0007080474847 0.0 0.0 0.0 1.0 0.0 0.0 13.0 0.0
3345.004348429652 0.0 0.0 0.0 1.0 0.0 0.0 13.0 0.0
3346.004348429652 0.0 0.0 0.0 1.0 0.0 0.0 13.0 0.0
3347.004348429652 0.0 0.0 0.0 1.0 0.0 0.0 13.0 0.0
3348.004348429652 0.0 0.0 0.0 1.0 0.0 0.0 13.0 0.0
3349.004348429652 0.0 0.0 0.0 1.0 0.0 0.0 13.0 0.0
3350.004348429652 0.0 0.0 0.0 1.0 0.0 0.0 13.0 0.0
3351.004348429652 0.0 0.0 0.0 1.0 0.0 0.0 13.0 0.0
3352.0006955597546 0.0 0.0 0.0 1.0 0.0 0.0 13.0 0.0
3353.004348429652 0.0 0.0 0.0 1.0 0.0 0.0 13.0 0.0
3354.004348429652 0.0 0.0 0.0 1.0 0.0 0.0 13.0 0.0
3355.004348429652 0.0 0.0 0.0 1.0 0.0 0.0 13.0 0.0
3356.004348429652 0.0 0.0 0.0 1.0 0.0 0.0 13.0 0.0
3357.004348429652 0.0 0.0 0.0 1.0 0.0 0.0 13.0 0.0
3358.000620280846 0.0 0.0 0.0 1.0 0.0 0.0 13.0 0.0
3359.004348429652 0.0 0.0 0.0 1.0 0.0 0.0 13.0 0.0
3360.004348429652 0.0 0.0 0.0 1.0 0.0 0.0 13.0 0.0
3361.004348429652 0.0 0.0 0.0 1.0 0.0 0.0 13.0 0.0
3362.004348429652 0.0 0.0 0.0 1.0 0.0 0.0 13.0 0.0
3363.004348429652 0.0 0.0 0.0 1.0 0.0 0.0 13.0 0.0
3364.004348429652 0.0 0.0 0.0 1.0 0.0 0.0 13.0 0.0
3365.004348429652 0.0 0.0 0.0 1.0 0.0 0.0 13.0 0.0
3366.0037849511573 0.0 0.0 0.0 1.0 0.0 0.0 13.0 0.0
3367.001506020151 0.0 0.0 0.0 1.0 0.0 0.0 13.0 0.0
3368.004348429652 0.0 0.0 0.0 1.0 0.0 0.0 13.0 0.0
3369.004348429652 0.0 0.0 0.0 1.0 0.0 0.0 13.0 0.0
3370.004348429652 0.0 0.0 0.0 1.0 0.0 0.0 13.0 0.0
3371.004348429652 0.0 0.0 0.0 1.0 0.0 0.0 13.0 0.0
3372.004348429652 0.0 0.0 0.0 1.0 0.0 0.0 13.0 0.0
3373.0002823790574 0.0 0.0 0.0 1.0 0.0 0.0 13.0 0.0
3374.004348429652 0.0 0.0 0.0 1.0 0.0 0.0 13.0 0.0
3375.004348429652 0.0 0.0 0.0 1.0 0.0 0.0 13.0 0.0
3376.004348429652 0.0 0.0 0.0 1.0 0.0 0.0 13.0 0.0
3377.004348429652 0.0 0.0 0.0 1.0 0.0 0.0 13.0 0.0
3378.004348429652 0.0 0.0 0.0 1.0 0.0 0.0 13.0 0.0
3379.004348429652 0.0 0.0 0.0 1.0 0.0 0.0 13.0 0.0
3380.004348429652 0.0 0.0 0.0 1.0 0.0 0.0 13.0 0.0
3381.004348429652 0.0 0.0 0.0 1.0 0.0 0.0 13.0 0.0
3382.004348429652 0.0 0.0 0.0 1.0 0.0 0.0 13.0 0.0
3383.004348429652 0.0 0.0 0.0 1.0 0.0 0.0 13.0 0.0
3384.004348429652 0.0 0.0 0.0 1.0 0.0 0.0 13.0 0.0
3385.004348429652 0.0 0.0 0.0 1.0 0.0 0.0 13.0 0.0
3386.004348429652 0.0 0.0 0.0 1.0 0.0 0.0 13.0 0.0
3387.004348429652 0.0 0.0 0.0 1.0 0.0 0.0 13.0 0.0
3388.004348429652 0.0 0.0 0.0 1.0 0.0 0.0 13.0 0.0
3389.004348429652 0.0 0.0 0.0 1.0 0.0 0.0 13.0 0.0
3390.004348429652 0.0 0.0 0.0 1.0 0.0 0.0 13.0 0.0
3391.004348429652 0.0 0.0 0.0 1.0 0.0 0.0 13.0 0.0
3392.004348429652 0.0 0.0 0.0 1.0 0.0 0.0 13.0 0.0
3393.003941615849 0.0 0.0 0.0 1.0 0.0 0.0 13.0 0.0
3394.004348429652 0.0 0.0 0.0 1.0 0.0 0.0 13.0 0.0
3395.0000600131107 0.0 0.0 0.0 1.0 0.0 0.0 13.0 0.0
3396.004348429652 0.0 0.0 0.0 1.0 0.0 0.0 13.0 0.0
3397.004348429652 0.0 0.0 0.0 1.0 0.0 0.0 13.0 0.0
3398.004348429652 0.0 0.0 0.0 1.0 0.0 0.0 13.0 0.0
3399.00118724594 0.0 0.0 0.0 1.0 0.0 0.0 13.0 0.0
3400.004348429652 0.0 0.0 0.0 1.0 0.0 0.0 13.0 0.0
3401.004348429652 0.0 0.0 0.0 1.0 0.0 0.0 13.0 0.0
3402.004348429652 0.0 0.0 0.0 1.0 0.0 0.0 13.0 0.0
3403.004348429652 0.0 0.0 0.0 1.0 0.0 0.0 13.0 0.0
3404.004348429652 0.0 0.0 0.0 1.0 0.0 0.0 13.0 0.0
3405.0013225682487 0.0 0.0 0.0 1.0 0.0 0.0 13.0 0.0
3406.004348429652 0.0 0.0 0.0 1.0 0.0 0.0 13.0 0.0
3407.004348429652 0.0 0.0 0.0 1.0 0.0 0.0 13.0 0.0
3408.004348429652 0.0 0.0 0.0 1.0 0.0 0.0 13.0 0.0
3409.0027132454316 0.0 0.0 0.0 1.0 0.0 0.0 13.0 0.0
3410.004348429652 0.0 0.0 0.0 1.0 0.0 0.0 13.0 0.0
3411.004348429652 0.0 0.0 0.0 1.0 0.0 0.0 13.0 0.0
3412.004348429652 0.0 0.0 0.0 1.0 0.0 0.0 13.0 0.0
3413.004348429652 0.0 0.0 0.0 1.0 0.0 0.0 13.0 0.0
3414.004348429652 0.0 0.0 0.0 1.0 0.0 0.0 13.0 0.0
3415.004348429652 0.0 0.0 0.0 1.0 0.0 0.0 13.0 0.0
3416.0016740797937 0.0 0.0 0.0 1.0 0.0 0.0 13.0 0.0
3417.004348429652 0.0 0.0 0.0 1.0 0.0 0.0 13.0 0.0
3418.004348429652 0.0 0.0 0.0 1.0 0.0 0.0 13.0 0.0
3419.004348429652 0.0 0.0 0.0 1.0 0.0 0.0 13.0 0.0
3420.004348429652 0.0 0.0 0.0 1.0 0.0 0.0 13.0 0.0
3421.004348429652 0.0 0.0 0.0 1.0 0.0 0.0 13.0 0.0
3422.0042262749444 0.0 0.0 0.0 1.0 0.0 0.0 13.0 0.0
3423.004348429652 0.0 0.0 0.0 1.0 0.0 0.0 13.0 0.0
3424.004348429652 0.0 0.0 0.0 1.0 0.0 0.0 13.0 0.0
3425.004348429652 0.0 0.0 0.0 1.0 0.0 0.0 13.0 0.0
3426.000309842806 0.0 0.0 0.0 1.0 0.0 0.0 13.0 0.0
3427.004348429652 0.0 0.0 0.0 1.0 0.0 0.0 13.0 0.0
3428.004348429652 0.0 0.0 0.0 1.0 0.0 0.0 13.0 0.0
3429.004348429652 0.0 0.0 0.0 1.0 0.0 0.0 13.0 0.0
3430.0004048855662 0.0 0.0 0.0 1.0 0.0 0.0 13.0 0.0
3431.004348429652 0.0 0.0 0.0 1.0 0.0 0.0 13.0 0.0
3432.004348429652 0.0 0.0 0.0 1.0 0.0 0.0 13.0 0.0
3433.004348429652 0.0 0.0 0.0 1.0 0.0 0.0 13.0 0.0
3434.004348429652 0.0 0.0 0.0 1.0 0.0 0.0 13.0 0.0
3435.004348429652 0.0 0.0 0.0 1.0 0.0 0.0 13.0 0.0
3436.004348429652 0.0 0.0 0.0 1.0 0.0 0.0 13.0 0.0
3437.004348429652 0.0 0.0 0.0 1.0 0.0 0.0 13.0 0.0
3438.004348429652 0.0 0.0 0.0 1.0 0.0 0.0 13.0 0.0
3439.003771402667 0.0 0.0 0.0 1.0 0.0 0.0 13.0 0.0
3440.004348429652 0.0 0.0 0.0 1.0 0.0 0.0 13.0 0.0
3441.004348429652 0.0 0.0 0.0 1.0 0.0 0.0 13.0 0.0
3442.0028538770534 0.0 0.0 0.0 1.0 0.0 0.0 13.0 0.0
3443.00302636758 0.0 0.0 0.0 1.0 0.0 0.0 13.0 0.0
3444.004348429652 0.0 0.0 0.0 1.0 0.0 0.0 13.0 0.0
3445.004348429652 0.0 0.0 0.0 1.0 0.0 0.0 13.0 0.0
3446.004348429652 0.0 0.0 0.0 1.0 0.0 0.0 13.0 0.0
3447.0005594542986 0.0 0.0 0.0 1.0 0.0 0.0 13.0 0.0
3448.0023387336496 0.0 0.0 0.0 1.0 0.0 0.0 13.0 0.0
3449.00296537937 0.0 0.0 0.0 1.0 0.0 0.0 13.0 0.0
3450.004348429652 0.0 0.0 0.0 1.0 0.0 0.0 13.0 0.0
3451.004348429652 0.0 0.0 0.0 1.0 0.0 0.0 13.0 0.0
3452.0027682129303 0.0 0.0 0.0 1.0 0.0 0.0 13.0 0.0
3453.004348429652 0.0 0.0 0.0 1.0 0.0 0.0 13.0 0.0
3454.004348429652 0.0 0.0 0.0 1.0 0.0 0.0 13.0 0.0
3455.004348429652 0.0 0.0 0.0 1.0 0.0 0.0 13.0 0.0
3456.004348429652 0.0 0.0 0.0 1.0 0.0 0.0 13.0 0.0
3457.00123703748 0.0 0.0 0.0 1.0 0.0 0.0 13.0 0.0
3458.004348429652 0.0 0.0 0.0 1.0 0.0 0.0 13.0 0.0
3459.001108273418 0.0 0.0 0.0 1.0 0.0 0.0 13.0 0.0
3460.004348429652 0.0 0.0 0.0 1.0 0.0 0.0 13.0 0.0
3461.004348429652 0.0 0.0 0.0 1.0 0.0 0.0 13.0 0.0
3462.004348429652 0.0 0.0 0.0 1.0 0.0 0.0 13.0 0.0
3463.001103617617 0.0 0.0 0.0 1.0 0.0 0.0 13.0 0.0
3464.0020703104356 0.0 0.0 0.0 1.0 0.0 0.0 13.0 0.0
3465.0036366929876 0.0 0.0 0.0 1.0 0.0 0.0 13.0 0.0
3466.004348429652 0.0 0.0 0.0 1.0 0.0 0.0 13.0 0.0
3467.004348429652 0.0 0.0 0.0 1.0 0.0 0.0 13.0 0.0
3468.004348429652 0.0 0.0 0.0 1.0 0.0 0.0 13.0 0.0
3469.001124193396 0.0 0.0 0.0 1.0 0.0 0.0 13.0 0.0
3470.004348429652 0.0 0.0 0.0 1.0 0.0 0.0 13.0 0.0
3471.0002576107213 0.0 0.0 0.0 1.0 0.0 0.0 13.0 0.0
3472.004348429652 0.0 0.0 0.0 1.0 0.0 0.0 13.0 0.0
3473.004348429652 0.0 0.0 0.0 1.0 0.0 0.0 13.0 0.0
3474.004348429652 0.0 0.0 0.0 1.0 0.0 0.0 13.0 0.0
3475.00239231712 0.0 0.0 0.0 1.0 0.0 0.0 13.0 0.0
3476.004348429652 0.0 0.0 0.0 1.0 0.0 0.0 13.0 0.0
3477.0025161128924 0.0 0.0 0.0 1.0 0.0 0.0 13.0 0.0
3478.004348429652 0.0 0.0 0.0 1.0 0.0 0.0 13.0 0.0
3479.000425389093 0.0 0.0 0.0 1.0 0.0 0.0 13.0 0.0
3480.004348429652 0.0 0.0 0.0 1.0 0.0 0.0 13.0 0.0
3481.004348429652 0.0 0.0 0.0 1.0 0.0 0.0 13.0 0.0
3482.004348429652 0.0 0.0 0.0 1.0 0.0 0.0 13.0 0.0
3483.004348429652 0.0 0.0 0.0 1.0 0.0 0.0 13.0 0.0
3484.001191748602 0.0 0.0 0.0 1.0 0.0 0.0 13.0 0.0
3485.0031294959426 0.0 0.0 0.0 1.0 0.0 0.0 13.0 0.0
3486.004348429652 0.0 0.0 0.0 1.0 0.0 0.0 13.0 0.0
3487.004348429652 0.0 0.0 0.0 1.0 0.0 0.0 13.0 0.0
3488.004348429652 0.0 0.0 0.0 1.0 0.0 0.0 13.0 0.0
3489.004348429652 0.0 0.0 0.0 1.0 0.0 0.0 13.0 0.0
3490.0002265812705 0.0 0.0 0.0 1.0 0.0 0.0 13.0 0.0
3491.004348429652 0.0 0.0 0.0 1.0 0.0 0.0 13.0 0.0
3492.003216617594 0.0 0.0 0.0 1.0 0.0 0.0 13.0 0.0
3493.004348429652 0.0 0.0 0.0 1.0 0.0 0.0 13.0 0.0
3494.001115026422 0.0 0.0 0.0 1.0 0.0 0.0 13.0 0.0
3495.004348429652 0.0 0.0 0.0 1.0 0.0 0.0 13.0 0.0
3496.004348429652 0.0 0.0 0.0 1.0 0.0 0.0 13.0 0.0
3497.004348429652 0.0 0.0 0.0 1.0 0.0 0.0 13.0 0.0
3498.004348429652 0.0 0.0 0.0 1.0 0.0 0.0 13.0 0.0
3499.004348429652 0.0 0.0 0.0 1.0 0.0 0.0 13.0 0.0
3500.004348429652 0.0 0.0 0.0 1.0 0.0 0.0 13.0 0.0
3501.0036379628095 0.0625 0.0 0.0 0.9375 0.0 1.0 12.2 0.11574074074074074
3502.004348429652 0.9375 0.0 0.0 0.0625 0.0 1.0 11.725 0.11574074074074074
3503.004348429652 0.9875 0.0 0.0 0.012500000000000002 0.0 1.0 11.925 0.024382716049382715
3504.004348429652 1.0 0.0 0.0 0.0 0.0 1.0 12.85 0.0
3505.004348429652 1.0 0.0 0.0 0.0 0.0 1.0 13.0 0.0
3506.004348429652 1.0 0.0 0.0 0.0 0.0 1.0 13.0 0.0
3507.004348429652 1.0 0.0 0.0 0.0 0.0 1.0 13.0 0.0
3508.004348429652 1.0 0.0 0.0 0.0 0.0 1.0 13.0 0.0
3509.004348429652 1.0 0.0 0.0 0.0 0.0 1.0 13.0 0.0
3510.0029865384618 1.0 0.0 0.0 0.0 0.0 1.0 13.0 0.0
3511.004348429652 1.0 0.0 0.0 0.0 0.0 1.0 13.0 0.0
3512.004348429652 1.0 0.0 0.0 0.0 0.0 1.0 13.0 0.0
3513.004348429652 1.0 0.0 0.0 0.0 0.0 1.0 13.0 0.0
3514.0015907615452 1.0 0.0 0.0 0.0 0.0 1.0 13.0 0.0
3515.004348429652 1.0 0.0 0.0 0.0 0.0 1.0 13.0 0.0
3516.004348429652 1.0 0.0 0.0 0.0 0.0 1.0 13.0 0.0
3517.0011117324434 1.0 0.0 0.0 0.0 0.0 1.0 13.0 0.0
3518.004348429652 1.0 0.0 0.0 0.0 0.0 1.0 13.0 0.0
3519.004348429652 1.0 0.0 0.0 0.0 0.0 1.0 13.0 0.0
3520.004348429652 1.0 0.0 0.0 0.0 0.0 1.0 13.0 0.0
3521.002757622735 1.0 0.0 0.0 0.0 0.0 1.0 13.0 0.0
3522.004348429652 1.0 0.0 0.0 0.0 0.0 1.0 13.0 0.0
3523.0033319450677 1.0 0.0 0.0 0.0 0.0 1.0 13.0 0.0
3524.004348429652 1.0 0.0 0.0 0.0 0.0 1.0 13.0 0.0
3525.004348429652 1.0 0.0 0.0 0.0 0.0 1.0 13.0 0.0
3526.004348429652 1.0 0.0 0.0 0.0 0.0 1.0 13.0 0.0
3527.004348429652 1.0 0.0 0.0 0.0 0.0 1.0 13.0 0.0
3528.0026010947 1.0 0.0 0.0 0.0 0.0 1.0 13.0 0.0
3529.004348429652 1.0 0.0 0.0 0.0 0.0 1.0 13.0 0.0
3530.004348429652 1.0 0.0 0.0 0.0 0.0 1.0 13.0 0.0
3531.004348429652 1.0 0.0 0.0 0.0 0.0 1.0 13.0 0.0
3532.004348429652 1.0 0.0 0.0 0.0 0.0 1.0 13.0 0.0
3533.004348429652 1.0 0.0 0.0 0.0 0.0 1.0 13.0 0.0
3534.004348429652 1.0 0.0 0.0 0.0 0.0 1.0 13.0 0.0
3535.0019456800414 1.0 0.0 0.0 0.0 0.0 1.0 13.0 0.0
3536.004348429652 1.0 0.0 0.0 0.0 0.0 1.0 13.0 0.0
3537.004348429652 1.0 0.0 0.0 0.0 0.0 1.0 13.0 0.0
3538.004348429652 1.0 0.0 0.0 0.0 0.0 1.0 13.0 0.0
3539.000931565027 1.0 0.0 0.0 0.0 0.0 1.0 13.0 0.0
3540.004348429652 1.0 0.0 0.0 0.0 0.0 1.0 13.0 0.0
3541.004348429652 1.0 0.0 0.0 0.0 0.0 1.0 13.0 0.0
3542.004348429652 1.0 0.0 0.0 0.0 0.0 1.0 13.0 0.0
3543.000485195654 1.0 0.0 0.0 0.0 0.0 1.0 13.0 0.0
3544.0009268282665 1.0 0.0 0.0 0.0 0.0 1.0 13.0 0.0
3545.004348429652 1.0 0.0 0.0 0.0 0.0 1.0 13.0 0.0
3546.003329020326 1.0 0.0 0.0 0.0 0.0 1.0 13.0 0.0
3547.004348429652 1.0 0.0 0.0 0.0 0.0 1.0 13.0 0.0
3548.004348429652 1.0 0.0 0.0 0.0 0.0 1.0 13.0 0.0
3549.004348429652 1.0 0.0 0.0 0.0 0.0 1.0 13.0 0.0
3550.004348429652 1.0 0.0 0.0 0.0 0.0 1.0 13.0 0.0
3551.004348429652 1.0 0.0 0.0 0.0 0.0 1.0 13.0 0.0
3552.004348429652 1.0 0.0 0.0 0.0 0.0 1.0 13.0 0.0
3553.004348429652 1.0 0.0 0.0 0.0 0.0 1.0 13.0 0.0
3554.004348429652 1.0 0.0 0.0 0.0 0.0 1.0 13.0 0.0
3555.004348429652 1.0 0.0 0.0 0.0 0.0 1.0 13.0 0.0
3556.004348429652 1.0 0.0 0.0 0.0 0.0 1.0 13.0 0.0
3557.004348429652 1.0 0.0 0.0 0.0 0.0 1.0 13.0 0.0
3558.004348429652 1.0 0.0 0.0 0.0 0.0 1.0 13.0 0.0
3559.003260607382 1.0 0.0 0.0 0.0 0.0 1.0 13.0 0.0
3560.004348429652 1.0 0.0 0.0 0.0 0.0 1.0 13.0 0.0
3561.000993712572 1.0 0.0 0.0 0.0 0.0 1.0 13.0 0.0
3562.004348429652 1.0 0.0 0.0 0.0 0.0 1.0 13.0 0.0
3563.004348429652 1.0 0.0 0.0 0.0 0.0 1.0 13.0 0.0
3564.004348429652 1.0 0.0 0.0 0.0 0.0 1.0 13.0 0.0
3565.004348429652 1.0 0.0 0.0 0.0 0.0 1.0 13.0 0.0
3566.0030105740984 1.0 0.0 0.0 0.0 0.0 1.0 13.0 0.0
3567.004348429652 1.0 0.0 0.0 0.0 0.0 1.0 13.0 0.0
3568.004348429652 1.0 0.0 0.0 0.0 0.0 1.0 13.0 0.0
3569.004348429652 1.0 0.0 0.0 0.0 0.0 1.0 13.0 0.0
3570.004348429652 1.0 0.0 0.0 0.0 0.0 1.0 13.0 0.0
3571.004348429652 1.0 0.0 0.0 0.0 0.0 1.0 13.0 0.0
3572.004348429652 1.0 0.0 0.0 0.0 0.0 1.0 13.0 0.0
3573.004348429652 1.0 0.0 0.0 0.0 0.0 1.0 13.0 0.0
3574.000754525082 1.0 0.0 0.0 0.0 0.0 1.0 13.0 0.0
3575.001093597652 1.0 0.0 0.0 0.0 0.0 1.0 13.0 0.0
3576.004348429652 1.0 0.0 0.0 0.0 0.0 1.0 13.0 0.0
3577.004348429652 1.0 0.0 0.0 0.0 0.0 1.0 13.0 0.0
3578.004348429652 1.0 0.0 0.0 0.0 0.0 1.0 13.0 0.0
3579.004348429652 1.0 0.0 0.0 0.0 0.0 1.0 13.0 0.0
3580.004348429652 1.0 0.0 0.0 0.0 0.0 1.0 13.0 0.0
3581.004348429652 1.0 0.0 0.0 0.0 0.0 1.0 13.0 0.0
3582.004348429652 1.0 0.0 0.0 0.0 0.0 1.0 13.0 0.0
3583.0015214780465 1.0 0.0 0.0 0.0 0.0 1.0 13.0 0.0
3584.004272702209 1.0 0.0 0.0 0.0 0.0 1.0 13.0 0.0
3585.004348429652 1.0 0.0 0.0 0.0 0.0 1.0 13.0 0.0
3586.004348429652 1.0 0.0 0.0 0.0 0.0 1.0 13.0 0.0
3587.004348429652 1.0 0.0 0.0 0.0 0.0 1.0 13.0 0.0
3588.004348429652 1.0 0.0 0.0 0.0 0.0 1.0 13.0 0.0
3589.004348429652 1.0 0.0 0.0 0.0 0.0 1.0 13.0 0.0
3590.004348429652 1.0 0.0 0.0 0.0 0.0 1.0 13.0 0.0
3591.00178274038 1.0 0.0 0.0 0.0 0.0 1.0 13.0 0.0
3592.004348429652 1.0 0.0 0.0 0.0 0.0 1.0 13.0 0.0
3593.004348429652 1.0 0.0 0.0 0.0 0.0 1.0 13.0 0.0
3594.004348429652 1.0 0.0 0.0 0.0 0.0 1.0 13.0 0.0
3595.004348429652 1.0 0.0 0.0 0.0 0.0 1.0 13.0 0.0
3596.0006215199164 1.0 0.0 0.0 0.0 0.0 1.0 13.0 0.0
3597.004348429652 1.0 0.0 0.0 0.0 0.0 1.0 13.0 0.0
3598.004348429652 1.0 0.0 0.0 0.0 0.0 1.0 13.0 0.0
3599.004348429652 1.0 0.0 0.0 0.0 0.0 1.0 13.0 0.0
3600.0031031265084 1.0 0.0 0.0 0.0 0.0 1.0 12.9125 0.0
3601.004348429652 1.0 0.0 0.0 0.0 0.0 1.0 12.125 0.0
3602.00247540657 0.8625 0.0 0.1375 0.0 0.0 1.0 11.3125 0.23425925925925925
3603.004348429652 0.425 0.0 0.575 0.0 0.0 1.0 11.125 0.48271604938271606
3604.004348429652 0.02500000000000002 0.0 0.975 0.0 0.0 1.0 11.7125 0.04814814814814815
3605.001788347707 0.012500000000000013 0.0 0.9875 0.0 0.0 1.0 12.75 0.024382716049382715
3606.004348429652 0.0 0.0 1.0 0.0 0.0 1.0 12.975 0.0
3607.004348429652 0.0 0.0 1.0 0.0 0.0 1.0 13.0 0.0
3608.004348429652 0.0 0.0 1.0 0.0 0.0 1.0 13.0 0.0
3609.0002298035834 0.0 0.0 1.0 0.0 0.0 1.0 13.0 0.0
3610.004123471411 0.0 0.0 1.0 0.0 0.0 1.0 13.0 0.0
3611.004348429652 0.0 0.0 1.0 0.0 0.0 1.0 13.0 0.0
3612.004348429652 0.0 0.0 1.0 0.0 0.0 1.0 13.0 0.0
3613.004348429652 0.0 0.0 1.0 0.0 0.0 1.0 13.0 0.0
3614.0012594359428 0.0 0.0 1.0 0.0 0.0 1.0 13.0 0.0
3615.004348429652 0.0 0.0 1.0 0.0 0.0 1.0 13.0 0.0
3616.002916087447 0.0 0.0 1.0 0.0 0.0 1.0 13.0 0.0
3617.000787291795 0.0 0.0 1.0 0.0 0.0 1.0 13.0 0.0
3618.004348429652 0.0 0.0 1.0 0.0 0.0 1.0 13.0 0.0
3619.0015075383903 0.0 0.0 1.0 0.0 0.0 1.0 13.0 0.0
3620.004348429652 0.0 0.0 1.0 0.0 0.0 1.0 13.0 0.0
3621.004348429652 0.0 0.0 1.0 0.0 0.0 1.0 13.0 0.0
3622.004348429652 0.0 0.0 1.0 0.0 0.0 1.0 13.0 0.0
3623.004348429652 0.0 0.0 1.0 0.0 0.0 1.0 13.0 0.0
3624.004348429652 0.0 0.0 1.0 0.0 0.0 1.0 13.0 0.0
3625.004348429652 0.0 0.0 1.0 0.0 0.0 1.0 13.0 0.0
3626.0014832587844 0.0 0.0 1.0 0.0 0.0 1.0 13.0 0.0
3627.0009479128034 0.0 0.0 1.0 0.0 0.0 1.0 13.0 0.0
3628.004348429652 0.0 0.0 1.0 0.0 0.0 1.0 13.0 0.0
3629.001544350997 0.0 0.0 1.0 0.0 0.0 1.0 13.0 0.0
3630.0008349670056 0.0 0.0 1.0 0.0 0.0 1.0 13.0 0.0
3631.004348429652 0.0 0.0 1.0 0.0 0.0 1.0 13.0 0.0
3632.003388680214 0.0 0.0 1.0 0.0 0.0 1.0 13.0 0.0
3633.0039875834254 0.0 0.0 1.0 0.0 0.0 1.0 13.0 0.0
3634.002968034772 0.0 0.0 1.0 0.0 0.0 1.0 13.0 0.0
3635.004348429652 0.0 0.0 1.0 0.0 0.0 1.0 13.0 0.0
3636.0011529248995 0.0 0.0 1.0 0.0 0.0 1.0 13.0 0.0
3637.004348429652 0.0 0.0 1.0 0.0 0.0 1.0 13.0 0.0
3638.004348429652 0.0 0.0 1.0 0.0 0.0 1.0 13.0 0.0
3639.0016419588524 0.0 0.0 1.0 0.0 0.0 1.0 13.0 0.0
3640.004348429652 0.0 0.0 1.0 0.0 0.0 1.0 13.0 0.0
3641.0004093814573 0.0 0.0 1.0 0.0 0.0 1.0 13.0 0.0
3642.004348429652 0.0 0.0 1.0 0.0 0.0 1.0 13.0 0.0
3643.004348429652 0.0 0.0 1.0 0.0 0.0 1.0 13.0 0.0
3644.004348429652 0.0 0.0 1.0 0.0 0.0 1.0 13.0 0.0
3645.0017871860796 0.0 0.0 1.0 0.0 0.0 1.0 13.0 0.0
3646.004348429652 0.0 0.0 1.0 0.0 0.0 1.0 13.0 0.0
3647.004348429652 0.0 0.0 1.0 0.0 0.0 1.0 13.0 0.0
3648.004348429652 0.0 0.0 1.0 0.0 0.0 1.0 13.0 0.0
3649.004348429652 0.0 0.0 1.0 0.0 0.0 1.0 13.0 0.0
3650.004348429652 0.0 0.0 1.0 0.0 0.0 1.0 13.0 0.0
3651.004348429652 0.0 0.0 1.0 0.0 0.0 1.0 13.0 0.0
3652.004348429652 0.0 0.0 1.0 0.0 0.0 1.0 13.0 0.0
3653.004348429652 0.0 0.0 1.0 0.0 0.0 1.0 13.0 0.0
3654.004348429652 0.0 0.0 1.0 0.0 0.0 1.0 13.0 0.0
3655.001043169226 0.0 0.0 1.0 0.0 0.0 1.0 13.0 0.0
3656.004348429652 0.0 0.0 1.0 0.0 0.0 1.0 13.0 0.0
3657.0043015809665 0.0 0.0 1.0 0.0 0.0 1.0 13.0 0.0
3658.00415302716 0.0 0.0 1.0 0.0 0.0 1.0 13.0 0.0
3659.004348429652 0.0 0.0 1.0 0.0 0.0 1.0 13.0 0.0
3660.004348429652 0.0 0.0 1.0 0.0 0.0 1.0 13.0 0.0
3661.0042012215354 0.0 0.0 1.0 0.0 0.0 1.0 13.0 0.0
3662.004348429652 0.0 0.0 1.0 0.0 0.0 1.0 13.0 0.0
3663.004348429652 0.0 0.0 1.0 0.0 0.0 1.0 13.0 0.0
3664.004348429652 0.0 0.0 1.0 0.0 0.0 1.0 13.0 0.0
3665.004348429652 0.0 0.0 1.0 0.0 0.0 1.0 13.0 0.0
3666.004348429652 0.0 0.0 1.0 0.0 0.0 1.0 13.0 0.0
3667.004348429652 0.0 0.0 1.0 0.0 0.0 1.0 13.0 0.0
3668.004348429652 0.0 0.0 1.0 0.0 0.0 1.0 13.0 0.0
3669.004348429652 0.0 0.0 1.0 0.0 0.0 1.0 13.0 0.0
3670.004348429652 0.0 0.0 1.0 0.0 0.0 1.0 13.0 0.0
3671.004348429652 0.0 0.0 1.0 0.0 0.0 1.0 13.0 0.0
3672.004348429652 0.0 0.0 1.0 0.0 0.0 1.0 13.0 0.0
3673.004348429652 0.0 0.0 1.0 0.0 0.0 1.0 13.0 0.0
3674.004348429652 0.0 0.0 1.0 0.0 0.0 1.0 13.0 0.0
3675.004348429652 0.0 0.0 1.0 0.0 0.0 1.0 13.0 0.0
3676.003172532261 0.0 0.0 1.0 0.0 0.0 1.0 13.0 0.0
3677.004348429652 0.0 0.0 1.0 0.0 0.0 1.0 13.0 0.0
3678.004348429652 0.0 0.0 1.0 0.0 0.0 1.0 13.0 0.0
3679.004348429652 0.0 0.0 1.0 0.0 0.0 1.0 13.0 0.0
3680.004348429652 0.0 0.0 1.0 0.0 0.0 1.0 13.0 0.0
3681.004348429652 0.0 0.0 1.0 0.0 0.0 1.0 13.0 0.0
3682.004348429652 0.0 0.0 1.0 0.0 0.0 1.0 13.0 0.0
3683.004348429652 0.0 0.0 1.0 0.0 0.0 1.0 13.0 0.0
3684.000145757715 0.0 0.0 1.0 0.0 0.0 1.0 13.0 0.0
3685.004348429652 0.0 0.0 1.0 0.0 0.0 1.0 13.0 0.0
3686.001300471286 0.0 0.0 1.0 0.0 0.0 1.0 13.0 0.0
3687.004348429652 0.0 0.0 1.0 0.0 0.0 1.0 13.0 0.0
3688.003057279036 0.0 0.0 1.0 0.0 0.0 1.0 13.0 0.0
3689.003785357167 0.0 0.0 1.0 0.0 0.0 1.0 13.0 0.0
3690.004348429652 0.0 0.0 1.0 0.0 0.0 1.0 13.0 0.0
3691.004348429652 0.0 0.0 1.0 0.0 0.0 1.0 12.4375 0.0
3692.0003881231964 0.0 0.0 1.0 0.0 0.0 1.0 11.5875 0.0
3693.004348429652 0.0 0.0 1.0 0.0 0.0 1.0 10.6125 0.0
3694.004348429652 0.0 0.0 0.975 0.025000000000000026 0.0 0.0 10.0125 0.04814814814814815
3695.0021726225905 0.0 0.0 0.11249999999999999 0.8875 0.0 0.0 10.075 0.19722222222222222
3696.004348429652 0.0 0.0 0.0 1.0 0.0 0.0 10.8625 0.0
3697.004348429652 0.0 0.0 0.0 1.0 0.0 0.0 11.825 0.0
3698.004348429652 0.0 0.0 0.0 1.0 0.0 0.0 11.9875 0.0
3699.004348429652 0.0 0.0 0.0 1.0 0.0 0.0 12.0 0.0
3700.004348429652 0.0 0.0 0.0 1.0 0.0 0.0 12.0 0.0
3701.004348429652 0.0 0.0 0.0 1.0 0.0 0.0 12.0 0.0
3702.004348429652 0.0 0.0 0.0 1.0 0.0 0.0 12.0 0.0
3703.0007704019495 0.0 0.0 0.0 1.0 0.0 0.0 12.0 0.0
3704.002862991542 0.0 0.0 0.0 1.0 0.0 0.0 12.0 0.0
3705.004348429652 0.0 0.0 0.0 1.0 0.0 0.0 12.0 0.0
3706.0009434938934 0.0 0.0 0.0 1.0 0.0 0.0 12.0 0.0
3707.001066884283 0.0 0.0 0.0 1.0 0.0 0.0 12.0 0.0
3708.0019854090183 0.0 0.0 0.0 1.0 0.0 0.0 12.0 0.0
3709.004348429652 0.0 0.0 0.0 1.0 0.0 0.0 12.0 0.0
3710.0001091616873 0.0 0.0 0.0 1.0 0.0 0.0 12.0 0.0
3711.004348429652 0.0 0.0 0.0 1.0 0.0 0.0 12.0 0.0
3712.004348429652 0.0 0.0 0.0 1.0 0.0 0.0 12.0 0.0
3713.0008454890467 0.0 0.0 0.0 1.0 0.0 0.0 12.0 0.0
3714.004348429652 0.0 0.0 0.0 1.0 0.0 0.0 12.0 0.0
3715.004348429652 0.0 0.0 0.0 1.0 0.0 0.0 12.0 0.0
3716.0027830346653 0.0 0.0 0.0 1.0 0.0 0.0 12.0 0.0
3717.004348429652 0.0 0.0 0.0 1.0 0.0 0.0 12.0 0.0
3718.0036507839313 0.0 0.0 0.0 1.0 0.0 0.0 12.0 0.0
3719.004348429652 0.0 0.0 0.0 1.0 0.0 0.0 12.0 0.0
3720.004348429652 0.0 0.0 0.0 1.0 0.0 0.0 12.0 0.0
3721.004348429652 0.0 0.0 0.0 1.0 0.0 0.0 12.0 0.0
3722.004001056062 0.0 0.0 0.0 1.0 0.0 0.0 12.0 0.0
3723.0022505638754 0.0 0.0 0.0 1.0 0.0 0.0 12.0 0.0
3724.0018618082927 0.0 0.0 0.0 1.0 0.0 0.0 12.0 0.0
3725.004348429652 0.0 0.0 0.0 1.0 0.0 0.0 12.0 0.0
3726.004348429652 0.0 0.0 0.0 1.0 0.0 0.0 12.0 0.0
3727.0009519773066 0.0 0.0 0.0 1.0 0.0 0.0 12.0 0.0
3728.004348429652 0.0 0.0 0.0 1.0 0.0 0.0 12.0 0.0
3729.004348429652 0.0 0.0 0.0 1.0 0.0 0.0 12.0 0.0
3730.004348429652 0.0 0.0 0.0 1.0 0.0 0.0 12.0 0.0
3731.004348429652 0.0 0.0 0.0 1.0 0.0 0.0 12.0 0.0
3732.004348429652 0.0 0.0 0.0 1.0 0.0 0.0 12.0 0.0
3733.004348429652 0.0 0.0 0.0 1.0 0.0 0.0 12.0 0.0
3734.004348429652 0.0 0.0 0.0 1.0 0.0 0.0 11.2625 0.0
3735.004348429652 0.0 0.0 0.0 1.0 0.0 0.0 10.3 0.0
3736.004348429652 0.0 0.0 0.0 1.0 0.0 0.0 10.0375 0.0
3737.004348429652 0.0 0.0 0.0 1.0 0.0 0.0 10.0 0.0
3738.000353938914 0.0 0.0 0.0 1.0 0.0 0.0 10.0 0.0
3739.000558816697 0.0 0.0 0.0 1.0 0.0 0.0 10.0 0.0
3740.004272453562 0.0 0.0 0.0 1.0 0.0 0.0 10.0 0.0
3741.004348429652 0.0 0.0 0.0 1.0 0.0 0.0 10.0 0.0
3742.003495262838 0.0 0.0 0.0 1.0 0.0 0.0 10.0 0.0
3743.004348429652 0.0 0.0 0.0 1.0 0.0 0.0 10.0 0.0
3744.0021691152747 0.0 0.0 0.0 1.0 0.0 0.0 10.0 0.0
3745.000461599953 0.0 0.0 0.0 1.0 0.0 0.0 10.0 0.0
3746.004348429652 0.0 0.0 0.0 1.0 0.0 0.0 10.0 0.0
3747.004348429652 0.0 0.0 0.0 1.0 0.0 0.0 10.0 0.0
3748.004348429652 0.0 0.0 0.0 1.0 0.0 0.0 10.0 0.0
3749.004348429652 0.0 0.0 0.0 1.0 0.0 0.0 10.0 0.0
3750.004348429652 0.0 0.0 0.0 1.0 0.0 0.0 10.0 0.0
3751.004348429652 0.0 0.0 0.0 1.0 0.0 0.0 10.0 0.0
3752.004348429652 0.0 0.0 0.0 1.0 0.0 0.0 10.0 0.0
3753.004348429652 0.0 0.0 0.0 1.0 0.0 0.0 10.0 0.0
3754.001140065421 0.0 0.0 0.0 1.0 0.0 0.0 10.0 0.0
3755.003617860177 0.0 0.0 0.0 1.0 0.0 0.0 10.0 0.0
3756.004348429652 0.0 0.0 0.0 1.0 0.0 0.0 10.0 0.0
3757.0004247714724 0.0 0.0 0.0 1.0 0.0 0.0 10.0 0.0
3758.004348429652 0.0 0.0 0.0 1.0 0.0 0.0 10.0 0.0
3759.0019471347096 0.0 0.0 0.0 1.0 0.0 0.0 10.0 0.0
3760.004348429652 0.0 0.0 0.0 1.0 0.0 0.0 10.0 0.0
3761.004348429652 0.0 0.0 0.0 1.0 0.0 0.0 10.0 0.0
3762.002871121165 0.0 0.0 0.0 1.0 0.0 0.0 10.0 0.0
3763.004348429652 0.0 0.0 0.0 1.0 0.0 0.0 10.0 0.0
3764.004348429652 0.0 0.0 0.0 1.0 0.0 0.0 10.0 0.0
3765.004348429652 0.0 0.0 0.0 1.0 0.0 0.0 10.0 0.0
3766.004348429652 0.0 0.0 0.0 1.0 0.0 0.0 10.0 0.0
3767.003235622252 0.0 0.0 0.0 1.0 0.0 0.0 10.0 0.0
3768.004348429652 0.0 0.0 0.0 1.0 0.0 0.0 10.0 0.0
3769.0017204866394 0.0 0.0 0.0 1.0 0.0 0.0 10.0 0.0
3770.004348429652 0.0 0.0 0.0 1.0 0.0 0.0 10.0 0.0
3771.001498458507 0.0 0.0 0.0 1.0 0.0 0.0 10.0 0.0
3772.0023327165177 0.0 0.0 0.0 1.0 0.0 0.0 10.0 0.0
3773.0025783962496 0.0 0.0 0.0 1.0 0.0 0.0 10.0 0.0
3774.004348429652 0.0 0.0 0.0 1.0 0.0 0.0 10.0 0.0
3775.004348429652 0.0 0.0 0.0 1.0 0.0 0.0 10.0 0.0
3776.004348429652 0.0 0.0 0.0 1.0 0.0 0.0 10.0 0.0
3777.004348429652 0.0 0.0 0.0 1.0 0.0 0.0 10.0 0.0
3778.004348429652 0.0 0.0 0.0 1.0 0.0 0.0 10.0 0.0
3779.004348429652 0.0 0.0 0.0 1.0 0.0 0.0 10.0 0.0
3780.004348429652 0.0 0.0 0.0 1.0 0.0 0.0 10.0 0.0
3781.004348429652 0.0 0.0 0.0 1.0 0.0 0.0 10.0 0.0
3782.0040111450057 0.0 0.0 0.0 1.0 0.0 0.0 10.0 0.0
3783.004348429652 0.0 0.0 0.0 1.0 0.0 0.0 10.0 0.0
3784.004348429652 0.0 0.0 0.0 1.0 0.0 0.0 10.0 0.0
3785.004348429652 0.0 0.0 0.0 1.0 0.0 0.0 10.0 0.0
3786.004348429652 0.0 0.0 0.0 1.0 0.0 0.0 10.0 0.0
3787.002164706635 0.0 0.0 0.0 1.0 0.0 0.0 10.0 0.0
3788.002498896643 0.0 0.0 0.0 1.0 0.0 0.0 10.0 0.0
3789.004348429652 0.0 0.0 0.0 1.0 0.0 0.0 10.0 0.0
3790.003875371379 0.0 0.0 0.0 1.0 0.0 0.0 10.0 0.0
3791.004348429652 0.0 0.0 0.0 1.0 0.0 0.0 10.0 0.0
3792.004348429652 0.0 0.0 0.0 1.0 0.0 0.0 10.0 0.0
3793.004348429652 0.0 0.0 0.0 1.0 0.0 0.0 10.0 0.0
3794.0012985844583 0.0 0.0 0.0 1.0 0.0 0.0 10.0 0.0
3795.004348429652 0.0 0.0 0.0 1.0 0.0 0.0 10.0 0.0
3796.004348429652 0.0 0.0 0.0 1.0 0.0 0.0 10.0 0.0
3797.004348429652 0.0 0.0 0.0 1.0 0.0 0.0 10.0 0.0
3798.0035277514976 0.0 0.0 0.0 1.0 0.0 0.0 10.0 0.0
3799.0023021636157 0.0 0.0 0.0 1.0 0.0 0.0 10.0 0.0
3800.001963290862 0.0 0.0 0.0 1.0 0.0 0.0 10.0 0.0
3801.0011813516667 0.0 0.0 0.0 1.0 0.0 0.0 10.0 0.0
3802.004348429652 0.0 0.0 0.0 1.0 0.0 0.0 10.0 0.0
3803.004348429652 0.0 0.0 0.0 1.0 0.0 0.0 10.0 0.0
3804.001636955412 0.0 0.0 0.0 1.0 0.0 0.0 10.0 0.0
3805.004348429652 0.0 0.0 0.0 1.0 0.0 0.0 10.0 0.0
3806.0019218971893 0.0 0.0 0.0 1.0 0.0 0.0 10.0 0.0
3807.004348429652 0.0 0.0 0.0 1.0 0.0 0.0 10.0 0.0
3808.0010659156856 0.0 0.0 0.0 1.0 0.0 0.0 10.0 0.0
3809.000800027152 0.0 0.0 0.0 1.0 0.0 0.0 10.0 0.0
3810.004348429652 0.0 0.0 0.0 1.0 0.0 0.0 10.0 0.0
3811.0030712614703 0.0 0.0 0.0 1.0 0.0 0.0 10.0 0.0
3812.004348429652 0.0 0.0 0.0 1.0 0.0 0.0 10.0 0.0
3813.004348429652 0.0 0.0 0.0 1.0 0.0 0.0 10.0 0.0
3814.004348429652 0.0 0.0 0.0 1.0 0.0 0.0 10.0 0.0
3815.0003703948873 0.0 0.0 0.0 1.0 0.0 0.0 10.0 0.0
3816.004348429652 0.0 0.0 0.0 1.0 0.0 0.0 10.0 0.0
3817.004348429652 0.0 0.0 0.0 1.0 0.0 0.0 10.0 0.0
3818.003264498155 0.0 0.0 0.0 1.0 0.0 0.0 10.0 0.0
3819.001127931035 0.0 0.0 0.0 1.0 0.0 0.0 10.0 0.0
3820.003206311404 0.0 0.0 0.0 1.0 0.0 0.0 10.0 0.0
3821.004348429652 0.0 0.0 0.0 1.0 0.0 0.0 10.0 0.0
3822.004348429652 0.0 0.0 0.0 1.0 0.0 0.0 10.0 0.0
3823.004348429652 0.0 0.0 0.0 1.0 0.0 0.0 10.0 0.0
3824.004348429652 0.0 0.0 0.0 1.0 0.0 0.0 10.0 0.0
3825.004348429652 0.0 0.0 0.0 1.0 0.0 0.0 10.0 0.0
3826.004348429652 0.0 0.0 0.0 1.0 0.0 0.0 10.0 0.0
3827.004348429652 0.0 0.0 0.0 1.0 0.0 0.0 10.0 0.0
3828.001648922305 0.0 0.0 0.0 1.0 0.0 0.0 10.0 0.0
3829.004348429652 0.0 0.0 0.0 1.0 0.0 0.0 10.0 0.0
3830.0038165865453 0.0 0.0 0.0 1.0 0.0 0.0 10.0 0.0
3831.004348429652 0.0 0.0 0.0 1.0 0.0 0.0 10.0 0.0
3832.004348429652 0.0 0.0 0.0 1.0 0.0 0.0 10.0 0.0
3833.004348429652 0.0 0.0 0.0 1.0 0.0 0.0 10.0 0.0
3834.0003010309333 0.0 0.0 0.0 1.0 0.0 0.0 10.0 0.0
3835.004348429652 0.0 0.0 0.0 1.0 0.0 0.0 10.0 0.0
3836.004348429652 0.0 0.0 0.0 1.0 0.0 0.0 10.0 0.0
3837.0028010175656 0.0 0.0 0.0 1.0 0.0 0.0 10.0 0.0
3838.004348429652 0.0 0.0 0.0 1.0 0.0 0.0 10.0 0.0
3839.003232117303 0.0 0.0 0.0 1.0 0.0 0.0 10.0 0.0
3840.004348429652 0.0 0.0 0.0 1.0 0.0 0.0 10.0 0.0
3841.0020335460777 0.0 0.0 0.0 1.0 0.0 0.0 10.0 0.0
3842.004348429652 0.0 0.0 0.0 1.0 0.0 0.0 9.725 0.0
3843.004348429652 0.0 0.0 0.0 1.0 0.0 0.0 8.625 0.0
3844.004348429652 0.0 0.0 0.0 1.0 0.0 0.0 8.05 0.0
3845.004348429652 0.0 0.0 0.0 1.0 0.0 0.0 8.0 0.0
3846.004348429652 0.0 0.0 0.0 1.0 0.0 0.0 8.0 0.0
3847.004348429652 0.0 0.0 0.0 1.0 0.0 0.0 8.0 0.0
3848.004348429652 0.0 0.0 0.0 1.0 0.0 0.0 8.0 0.0
3849.004348429652 0.0 0.0 0.0 1.0 0.0 0.0 8.0 0.0
3850.0022880391966 0.0 0.0 0.0 1.0 0.0 0.0 8.0 0.0
3851.004348429652 0.0 0.0 0.0 1.0 0.0 0.0 8.0 0.0
3852.000834035651 0.0 0.0 0.0 1.0 0.0 0.0 8.0 0.0
3853.0039011006065 0.0 0.0 0.0 1.0 0.0 0.0 8.0 0.0
3854.001782864037 0.0 0.0 0.0 1.0 0.0 0.0 8.0 0.0
3855.004348429652 0.0 0.0 0.0 1.0 0.0 0.0 8.0 0.0
3856.004348429652 0.0 0.0 0.0 1.0 0.0 0.0 8.0 0.0
3857.004348429652 0.0 0.0 0.0 1.0 0.0 0.0 8.0 0.0
3858.004348429652 0.0 0.0 0.0 1.0 0.0 0.0 8.0 0.0
3859.004348429652 0.0 0.0 0.0 1.0 0.0 0.0 8.0 0.0
3860.0020315769466 0.0 0.0 0.0 1.0 0.0 0.0 8.0 0.0
3861.004348429652 0.0 0.0 0.0 1.0 0.0 0.0 8.0 0.0
3862.004348429652 0.0 0.0 0.0 1.0 0.0 0.0 8.0 0.0
3863.004348429652 0.0 0.0 0.0 1.0 0.0 0.0 8.0 0.0
3864.004348429652 0.0 0.0 0.0 1.0 0.0 0.0 8.0 0.0
3865.004348429652 0.0 0.0 0.0 1.0 0.0 0.0 8.0 0.0
3866.004348429652 0.0 0.0 0.0 1.0 0.0 0.0 8.0 0.0
3867.004348429652 0.0 0.0 0.0 1.0 0.0 0.0 8.0 0.0
3868.002864370538 0.0 0.0 0.0 1.0 0.0 0.0 8.0 0.0
3869.0020003031 0.0 0.0 0.0 1.0 0.0 0.0 8.0 0.0
3870.0012452826168 0.0 0.0 0.0 1.0 0.0 0.0 8.0 0.0
3871.0003704902247 0.0 0.0 0.0 1.0 0.0 0.0 8.0 0.0
3872.004348429652 0.0 0.0 0.0 1.0 0.0 0.0 8.0 0.0
3873.0013686577204 0.0 0.0 0.0 1.0 0.0 0.0 8.0 0.0
3874.004348429652 0.0 0.0 0.0 1.0 0.0 0.0 8.0 0.0
3875.0006084722963 0.0 0.0 0.0 1.0 0.0 0.0 8.0 0.0
3876.004348429652 0.0 0.0 0.0 1.0 0.0 0.0 8.0 0.0
3877.004348429652 0.0 0.0 0.0 1.0 0.0 0.0 8.0 0.0
3878.004348429652 0.0 0.0 0.0 1.0 0.0 0.0 8.0 0.0
3879.004348429652 0.0 0.0 0.0 1.0 0.0 0.0 8.0 0.0
3880.004348429652 0.0 0.0 0.0 1.0 0.0 0.0 8.0 0.0
3881.004348429652 0.0 0.0 0.0 1.0 0.0 0.0 8.0 0.0
3882.004348429652 0.0 0.0 0.0 1.0 0.0 0.0 8.0 0.0
3883.004348429652 0.0 0.0 0.0 1.0 0.0 0.0 8.0 0.0
3884.004348429652 0.0 0.0 0.0 1.0 0.0 0.0 8.0 0.0
3885.004348429652 0.0 0.0 0.0 1.0 0.0 0.0 8.0 0.0
3886.0003749080183 0.0 0.0 0.0 1.0 0.0 0.0 8.0 0.0
3887.004348429652 0.0 0.0 0.0 1.0 0.0 0.0 8.0 0.0
3888.0016944720587 0.0 0.0 0.0 1.0 0.0 0.0 8.0 0.0
3889.004348429652 0.0 0.0 0.0 1.0 0.0 0.0 8.0 0.0
3890.003135853131 0.0 0.0 0.0 1.0 0.0 0.0 8.0 0.0
3891.004348429652 0.0 0.0 0.0 1.0 0.0 0.0 8.0 0.0
3892.004348429652 0.0 0.0 0.0 1.0 0.0 0.0 8.0 0.0
3893.001897731849 0.0 0.0 0.0 1.0 0.0 0.0 8.0 0.0
3894.0008131325944 0.0 0.0 0.0 1.0 0.0 0.0 8.0 0.0
3895.002673212329 0.0 0.0 0.0 1.0 0.0 0.0 8.0 0.0
3896.004348429652 0.0 0.0 0.0 1.0 0.0 0.0 8.0 0.0
3897.0005833104938 0.0 0.0 0.0 1.0 0.0 0.0 8.0 0.0
3898.004348429652 0.0 0.0 0.0 1.0 0.0 0.0 8.0 0.0
3899.0026770876993 0.0 0.0 0.0 1.0 0.0 0.0 8.0 0.0
3900.004348429652 0.0 0.0 0.0 1.0 0.0 0.0 8.0 0.0
3901.002398906457 0.0 0.0 0.0 1.0 0.0 0.0 8.0 0.0
3902.004348429652 0.0 0.0 0.0 1.0 0.0 0.0 8.0 0.0
3903.004348429652 0.0 0.0 0.0 1.0 0.0 0.0 8.0 0.0
3904.004348429652 0.0 0.0 0.0 1.0 0.0 0.0 8.0 0.0
3905.0033939626596 0.0 0.0 0.0 1.0 0.0 0.0 8.0 0.0
3906.004348429652 0.0 0.0 0.0 1.0 0.0 0.0 8.0 0.0
3907.004348429652 0.0 0.0 0.0 1.0 0.0 0.0 8.0 0.0
3908.004348429652 0.0 0.0 0.0 1.0 0.0 0.0 8.0 0.0
3909.004348429652 0.0 0.0 0.0 1.0 0.0 0.0 8.0 0.0
3910.0011843386756 0.0 0.0 0.0 1.0 0.0 0.0 8.0 0.0
3911.000603481251 0.0 0.0 0.0 1.0 0.0 0.0 8.0 0.0
3912.0013139211424 0.0 0.0 0.0 1.0 0.0 0.0 8.0 0.0
3913.004348429652 0.0 0.0 0.0 1.0 0.0 0.0 8.0 0.0
3914.004348429652 0.0 0.0 0.0 1.0 0.0 0.0 8.0 0.0
3915.004348429652 0.0 0.0 0.0 1.0 0.0 0.0 8.0 0.0
3916.004348429652 0.0 0.0 0.0 1.0 0.0 0.0 8.0 0.0
3917.004348429652 0.0 0.0 0.0 1.0 0.0 0.0 8.0 0.0
3918.004348429652 0.0 0.0 0.0 1.0 0.0 0.0 8.0 0.0
3919.004348429652 0.0 0.0 0.0 1.0 0.0 0.0 8.0 0.0
3920.004348429652 0.0 0.0 0.0 1.0 0.0 0.0 8.0 0.0
3921.004348429652 0.0 0.0 0.0 1.0 0.0 0.0 8.0 0.0
3922.004348429652 0.0 0.0 0.0 1.0 0.0 0.0 8.0 0.0
3923.004348429652 0.0 0.0 0.0 1.0 0.0 0.0 8.0 0.0
3924.004348429652 0.0 0.0 0.0 1.0 0.0 0.0 8.0 0.0
3925.004348429652 0.0 0.0 0.0 1.0 0.0 0.0 8.0 0.0
3926.004348429652 0.0 0.0 0.0 1.0 0.0 0.0 8.0 0.0
3927.0009253884637 0.0 0.0 0.0 1.0 0.0 0.0 8.0 0.0
3928.004348429652 0.0 0.0 0.0 1.0 0.0 0.0 8.0 0.0
3929.004348429652 0.0 0.0 0.0 1.0 0.0 0.0 8.0 0.0
3930.004348429652 0.0 0.0 0.0 1.0 0.0 0.0 8.0 0.0
3931.0036147927244 0.0 0.0 0.0 1.0 0.0 0.0 8.0 0.0
3932.0018751826856 0.0 0.0 0.0 1.0 0.0 0.0 8.0 0.0
3933.0011087874877 0.0 0.0 0.0 1.0 0.0 0.0 8.0 0.0
3934.004348429652 0.0 0.0 0.0 1.0 0.0 0.0 8.0 0.0
3935.004348429652 0.0 0.0 0.0 1.0 0.0 0.0 8.0 0.0
3936.004348429652 0.0 0.0 0.0 1.0 0.0 0.0 8.0 0.0
3937.004348429652 0.0 0.0 0.0 1.0 0.0 0.0 8.0 0.0
3938.004348429652 0.0 0.0 0.0 1.0 0.0 0.0 8.0 0.0
3939.004348429652 0.0 0.0 0.0 1.0 0.0 0.0 8.0 0.0
3940.004348429652 0.0 0.0 0.0 1.0 0.0 0.0 8.0 0.0
3941.004348429652 0.0 0.0 0.0 1.0 0.0 0.0 8.0 0.0
3942.0008508447695 0.0 0.0 0.0 1.0 0.0 0.0 8.0 0.0
3943.002353893809 0.0 0.0 0.0 1.0 0.0 0.0 8.0 0.0
3944.000351878254 0.0 0.0 0.0 1.0 0.0 0.0 8.0 0.0
3945.004348429652 0.0 0.0 0.0 1.0 0.0 0.0 8.0 0.0
3946.004348429652 0.0 0.0 0.0 1.0 0.0 0.0 8.0 0.0
3947.004348429652 0.0 0.0 0.0 1.0 0.0 0.0 8.0 0.0
3948.004348429652 0.0 0.0 0.0 1.0 0.0 0.0 8.0 0.0
3949.004348429652 0.0 0.0 0.0 1.0 0.0 0.0 8.0 0.0
3950.004348429652 0.0 0.0 0.0 1.0 0.0 0.0 8.0 0.0
3951.004348429652 0.0 0.0 0.0 1.0 0.0 0.0 8.0 0.0
3952.0017018270614 0.0 0.0 0.0 1.0 0.0 0.0 8.0 0.0
3953.000324007539 0.0 0.0 0.0 1.0 0.0 0.0 8.0 0.0
3954.0022769089887 0.0 0.0 0.0 1.0 0.0 0.0 8.0 0.0
3955.004348429652 0.0 0.0 0.0 1.0 0.0 0.0 8.0 0.0
3956.004348429652 0.0 0.0 0.0 1.0 0.0 0.0 8.0 0.0
3957.0029791045617 0.0 0.0 0.0 1.0 0.0 0.0 8.0 0.0
3958.004348429652 0.0 0.0 0.0 1.0 0.0 0.0 8.0 0.0
3959.0028502083433 0.0 0.0 0.0 1.0 0.0 0.0 8.0 0.0
3960.004348429652 0.0 0.0 0.0 1.0 0.0 0.0 8.0 0.0
3961.004348429652 0.0 0.0 0.0 1.0 0.0 0.0 8.0 0.0
3962.004348429652 0.0 0.0 0.0 1.0 0.0 0.0 8.0 0.0
3963.004348429652 0.0 0.0 0.0 1.0 0.0 0.0 8.0 0.0
3964.003563640846 0.0 0.0 0.0 1.0 0.0 0.0 8.0 0.0
3965.004348429652 0.0 0.0 0.0 1.0 0.0 0.0 8.0 0.0
3966.0036535194254 0.0 0.0 0.0 1.0 0.0 0.0 8.0 0.0
3967.004348429652 0.0 0.0 0.0 1.0 0.0 0.0 8.0 0.0
3968.003759167497 0.0 0.0 0.0 1.0 0.0 0.0 8.0 0.0
3969.003746690051 0.0 0.0 0.0 1.0 0.0 0.0 8.0 0.0
3970.0002096027347 0.0 0.0 0.0 1.0 0.0 0.0 8.0 0.0
3971.004348429652 0.0 0.0 0.0 1.0 0.0 0.0 8.0 0.0
3972.002799403273 0.0 0.0 0.0 1.0 0.0 0.0 8.0 0.0
3973.0029889276993 0.0 0.0 0.0 1.0 0.0 0.0 8.0 0.0
3974.004348429652 0.0 0.0 0.0 1.0 0.0 0.0 8.0 0.0
3975.004348429652 0.0 0.0 0.0 1.0 0.0 0.0 8.0 0.0
3976.004348429652 0.0 0.0 0.0 1.0 0.0 0.0 8.0 0.0
3977.004348429652 0.0 0.0 0.0 1.0 0.0 0.0 8.0 0.0
3978.004348429652 0.0 0.0 0.0 1.0 0.0 0.0 8.0 0.0
3979.004348429652 0.0 0.0 0.0 1.0 0.0 0.0 8.0 0.0
3980.004348429652 0.0 0.0 0.0 1.0 0.0 0.0 8.0 0.0
3981.000359053805 0.0 0.0 0.0 1.0 0.0 0.0 8.0 0.0
3982.004348429652 0.0 0.0 0.0 1.0 0.0 0.0 8.0 0.0
3983.004348429652 0.0 0.0 0.0 1.0 0.0 0.0 8.0 0.0
3984.004348429652 0.0 0.0 0.0 1.0 0.0 0.0 8.0 0.0
3985.004348429652 0.0 0.0 0.0 1.0 0.0 0.0 8.0 0.0
3986.001383544901 0.0 0.0 0.0 1.0 0.0 0.0 8.0 0.0
3987.004348429652 0.0 0.0 0.0 1.0 0.0 0.0 8.0 0.0
3988.0003101437806 0.0 0.0 0.0 1.0 0.0 0.0 8.0 0.0
3989.0018819961715 0.0 0.0 0.0 1.0 0.0 0.0 8.0 0.0
3990.004348429652 0.0 0.0 0.0 1.0 0.0 0.0 8.0 0.0
3991.004348429652 0.0 0.0 0.0 1.0 0.0 0.0 8.0 0.0
3992.004348429652 0.0 0.0 0.0 1.0 0.0 0.0 8.0 0.0
3993.0000890840543 0.0 0.0 0.0 1.0 0.0 0.0 8.0 0.0
3994.004348429652 0.0 0.0 0.0 1.0 0.0 0.0 8.0 0.0
3995.004348429652 0.0 0.0 0.0 1.0 0.0 0.0 8.0 0.0
3996.000681920794 0.0 0.0 0.0 1.0 0.0 0.0 8.0 0.0
3997.004348429652 0.0 0.0 0.0 1.0 0.0 0.0 8.0 0.0
3998.004348429652 0.0 0.0 0.0 1.0 0.0 0.0 8.0 0.0
3999.004348429652 0.0 0.0 0.0 1.0 0.0 0.0 8.0 0.0
4000.0023415967507 0.0 0.0 0.0 1.0 0.0 0.0 8.0 0.0
4001.004348429652 0.0 0.0 0.0 1.0 0.0 0.0 8.0 0.0
4002.004348429652 0.0 0.0 0.0 1.0 0.0 0.0 8.0 0.0
4003.004348429652 0.0 0.0 0.0 1.0 0.0 0.0 8.0 0.0
4004.004348429652 0.0 0.0 0.0 1.0 0.0 0.0 8.0 0.0
4005.004348429652 0.0 0.0 0.0 1.0 0.0 0.0 8.0 0.0
4006.004348429652 0.0 0.0 0.0 1.0 0.0 0.0 8.0 0.0
4007.004348429652 0.0 0.0 0.0 1.0 0.0 0.0 8.0 0.0
4008.004348429652 0.0 0.0 0.0 1.0 0.0 0.0 8.0 0.0
4009.001242955929 0.0 0.0 0.0 1.0 0.0 0.0 8.0 0.0
4010.004348429652 0.0 0.0 0.0 1.0 0.0 0.0 8.0 0.0
4011.004348429652 0.0 0.0 0.0 1.0 0.0 0.0 8.0 0.0
4012.004348429652 0.0 0.0 0.0 1.0 0.0 0.0 8.0 0.0
4013.004348429652 0.0 0.0 0.0 1.0 0.0 0.0 8.0 0.0
4014.0033304752296 0.0 0.0 0.0 1.0 0.0 0.0 8.0 0.0
4015.004348429652 0.0 0.0 0.0 1.0 0.0 0.0 8.0 0.0
4016.004348429652 0.0 0.0 0.0 1.0 0.0 0.0 8.0 0.0
4017.004348429652 0.0 0.0 0.0 1.0 0.0 0.0 8.0 0.0
4018.004348429652 0.0 0.0 0.0 1.0 0.0 0.0 8.0 0.0
4019.004348429652 0.0 0.0 0.0 1.0 0.0 0.0 8.0 0.0
4020.002806462078 0.0 0.0 0.0 1.0 0.0 0.0 8.0 0.0
4021.0037053608235 0.0 0.0 0.0 1.0 0.0 0.0 8.0 0.0
4022.0013241251027 0.0 0.0 0.0 1.0 0.0 0.0 8.0 0.0
4023.004348429652 0.0 0.0 0.0 1.0 0.0 0.0 8.0 0.0
4024.004077311835 0.0 0.0 0.0 1.0 0.0 0.0 8.0 0.0
4025.004348429652 0.0 0.0 0.0 1.0 0.0 0.0 8.0 0.0
4026.004348429652 0.0 0.0 0.0 1.0 0.0 0.0 8.0 0.0
4027.004348429652 0.0 0.0 0.0 1.0 0.0 0.0 8.0 0.0
4028.004348429652 0.0 0.0 0.0 1.0 0.0 0.0 8.0 0.0
4029.001906404199 0.0 0.0 0.0 1.0 0.0 0.0 8.0 0.0
4030.004348429652 0.0 0.0 0.0 1.0 0.0 0.0 8.0 0.0
4031.004348429652 0.0 0.0 0.0 1.0 0.0 0.0 8.0 0.0
4032.004348429652 0.0 0.0 0.0 1.0 0.0 0.0 8.0 0.0
4033.004348429652 0.0 0.0 0.0 1.0 0.0 0.0 8.0 0.0
4034.000285438599 0.0 0.0 0.0 1.0 0.0 0.0 8.0 0.0
4035.004348429652 0.0 0.0 0.0 1.0 0.0 0.0 8.0 0.0
4036.004348429652 0.0 0.0 0.0 1.0 0.0 0.0 8.0 0.0
4037.004348429652 0.0 0.0 0.0 1.0 0.0 0.0 8.0 0.0
4038.004348429652 0.0 0.0 0.0 1.0 0.0 0.0 8.0 0.0
4039.004348429652 0.0 0.0 0.0 1.0 0.0 0.0 8.0 0.0
4040.004348429652 0.0 0.0 0.0 1.0 0.0 0.0 8.0 0.0
4041.004348429652 0.0 0.0 0.0 1.0 0.0 0.0 8.0 0.0
4042.000800453015 0.0 0.0 0.0 1.0 0.0 0.0 8.0 0.0
4043.004348429652 0.0 0.0 0.0 1.0 0.0 0.0 8.0 0.0
4044.004348429652 0.0 0.0 0.0 1.0 0.0 0.0 8.0 0.0
4045.004348429652 0.0 0.0 0.0 1.0 0.0 0.0 8.0 0.0
4046.004348429652 0.0 0.0 0.0 1.0 0.0 0.0 8.0 0.0
4047.0031363429403 0.0 0.0 0.0 1.0 0.0 0.0 8.0 0.0
4048.002336058797 0.0 0.0 0.0 1.0 0.0 0.0 8.0 0.0
4049.004348429652 0.0 0.0 0.0 1.0 0.0 0.0 8.0 0.0
4050.004348429652 0.0 0.0 0.0 1.0 0.0 0.0 8.0 0.0
4051.004348429652 0.0 0.0 0.0 1.0 0.0 0.0 8.0 0.0
4052.000132523133 0.0 0.0 0.0 1.0 0.0 0.0 8.0 0.0
4053.002971285387 0.0 0.0 0.0 1.0 0.0 0.0 8.0 0.0
4054.004348429652 0.0 0.0 0.0 1.0 0.0 0.0 8.0 0.0
4055.003876268304 0.0 0.0 0.0 1.0 0.0 0.0 8.0 0.0
4056.004348429652 0.0 0.0 0.0 1.0 0.0 0.0 8.0 0.0
4057.004348429652 0.0 0.0 0.0 1.0 0.0 0.0 8.0 0.0
4058.0003846499844 0.0 0.0 0.0 1.0 0.0 0.0 8.0 0.0
4059.004348429652 0.0 0.0 0.0 1.0 0.0 0.0 8.0 0.0
4060.004348429652 0.0 0.0 0.0 1.0 0.0 0.0 8.0 0.0
4061.004348429652 0.0 0.0 0.0 1.0 0.0 0.0 8.0 0.0
4062.001466608323 0.0 0.0 0.0 1.0 0.0 0.0 8.0 0.0
4063.000849098109 0.0 0.0 0.0 1.0 0.0 0.0 8.0 0.0
4064.004348429652 0.0 0.0 0.0 1.0 0.0 0.0 8.0 0.0
4065.004348429652 0.0 0.0 0.0 1.0 0.0 0.0 8.0 0.0
4066.004348429652 0.0 0.0 0.0 1.0 0.0 0.0 8.0 0.0
4067.004348429652 0.0 0.0 0.0 1.0 0.0 0.0 8.0 0.0
4068.004348429652 0.0 0.0 0.0 1.0 0.0 0.0 8.0 0.0
4069.004348429652 0.0 0.0 0.0 1.0 0.0 0.0 8.0 0.0
4070.004348429652 0.0 0.0 0.0 1.0 0.0 0.0 8.0 0.0
4071.004348429652 0.0 0.0 0.0 1.0 0.0 0.0 8.0 0.0
4072.004348429652 0.0 0.0 0.0 1.0 0.0 0.0 8.0 0.0
4073.004348429652 0.0 0.0 0.0 1.0 0.0 0.0 8.0 0.0
4074.0038918025443 0.0 0.0 0.0 1.0 0.0 0.0 8.0 0.0
4075.004348429652 0.0 0.0 0.0 1.0 0.0 0.0 8.0 0.0
4076.004348429652 0.0 0.0 0.0 1.0 0.0 0.0 8.0 0.0
4077.004348429652 0.0 0.0 0.0 1.0 0.0 0.0 8.0 0.0
4078.004348429652 0.0 0.0 0.0 1.0 0.0 0.0 8.0 0.0
4079.001923383866 0.0 0.0 0.0 1.0 0.0 0.0 8.0 0.0
4080.004348429652 0.0 0.0 0.0 1.0 0.0 0.0 8.0 0.0
4081.000644087879 0.0 0.0 0.0 1.0 0.0 0.0 8.0 0.0
4082.004348429652 0.0 0.0 0.0 1.0 0.0 0.0 8.0 0.0
4083.004348429652 0.0 0.0 0.0 1.0 0.0 0.0 8.0 0.0
4084.004348429652 0.0 0.0 0.0 1.0 0.0 0.0 8.0 0.0
4085.004348429652 0.0 0.0 0.0 1.0 0.0 0.0 8.0 0.0
4086.004348429652 0.0 0.0 0.0 1.0 0.0 0.0 8.0 0.0
4087.004144457851 0.0 0.0 0.0 1.0 0.0 0.0 8.0 0.0
4088.004348429652 0.0 0.0 0.0 1.0 0.0 0.0 8.0 0.0
4089.002224822149 0.0 0.0 0.0 1.0 0.0 0.0 8.0 0.0
4090.004348429652 0.0 0.0 0.0 1.0 0.0 0.0 8.0 0.0
4091.004348429652 0.0 0.0 0.0 1.0 0.0 0.0 8.0 0.0
4092.000485094481 0.0 0.0 0.0 1.0 0.0 0.0 8.0 0.0
4093.004348429652 0.0 0.0 0.0 1.0 0.0 0.0 8.0 0.0
4094.004348429652 0.0 0.0 0.0 1.0 0.0 0.0 8.0 0.0
4095.000599404687 0.0 0.0 0.0 1.0 0.0 0.0 8.0 0.0
4096.004348429652 0.0 0.0 0.0 1.0 0.0 0.0 8.0 0.0
4097.002946704301 0.0 0.0 0.0 1.0 0.0 0.0 8.0 0.0
4098.002669944849 0.0 0.0 0.0 1.0 0.0 0.0 8.0 0.0
4099.004348429652 0.0 0.0 0.0 1.0 0.0 0.0 8.0 0.0
4100.004348429652 0.0 0.0 0.0 1.0 0.0 0.0 8.0 0.0
4101.001412237292 0.0 0.0 0.0 1.0 0.0 0.0 8.0 0.0
4102.004348429652 0.0 0.0 0.0 1.0 0.0 0.0 8.0 0.0
4103.004348429652 0.0 0.0 0.0 1.0 0.0 0.0 8.0 0.0
4104.004348429652 0.0 0.0 0.0 1.0 0.0 0.0 8.0 0.0
4105.004348429652 0.0 0.0 0.0 1.0 0.0 0.0 8.0 0.0
4106.004343654686 0.0 0.0 0.0 1.0 0.0 0.0 8.0 0.0
4107.004348429652 0.0 0.0 0.0 1.0 0.0 0.0 8.0 0.0
4108.004348429652 0.0 0.0 0.0 1.0 0.0 0.0 8.0 0.0
4109.004348429652 0.0 0.0 0.0 1.0 0.0 0.0 8.0 0.0
4110.004348429652 0.0 0.0 0.0 1.0 0.0 0.0 8.0 0.0
4111.004348429652 0.0 0.0 0.0 1.0 0.0 0.0 8.0 0.0
4112.000549628002 0.0 0.0 0.0 1.0 0.0 0.0 8.0 0.0
4113.004348429652 0.0 0.0 0.0 1.0 0.0 0.0 8.0 0.0
4114.004348429652 0.0 0.0 0.0 1.0 0.0 0.0 8.0 0.0
4115.004348429652 0.0 0.0 0.0 1.0 0.0 0.0 8.0 0.0
4116.004348429652 0.0 0.0 0.0 1.0 0.0 0.0 8.0 0.0
4117.004348429652 0.0 0.0 0.0 1.0 0.0 0.0 8.0 0.0
4118.003934877931 0.0 0.0 0.0 1.0 0.0 0.0 8.0 0.0
4119.004348429652 0.0 0.0 0.0 1.0 0.0 0.0 8.0 0.0
4120.004348429652 0.0 0.0 0.0 1.0 0.0 0.0 8.0 0.0
4121.004348429652 0.0 0.0 0.0 1.0 0.0 0.0 8.0 0.0
4122.004348429652 0.0 0.0 0.0 1.0 0.0 0.0 8.0 0.0
4123.004348429652 0.0 0.0 0.0 1.0 0.0 0.0 8.0 0.0
4124.004348429652 0.0 0.0 0.0 1.0 0.0 0.0 8.0 0.0
4125.004348429652 0.0 0.0 0.0 1.0 0.0 0.0 8.0 0.0
4126.004348429652 0.0 0.0 0.0 1.0 0.0 0.0 8.0 0.0
4127.004348429652 0.0 0.0 0.0 1.0 0.0 0.0 8.0 0.0
4128.002550940774 0.0 0.0 0.0 1.0 0.0 0.0 8.0 0.0
4129.004348429652 0.0 0.0 0.0 1.0 0.0 0.0 8.0 0.0
4130.004348429652 0.0 0.0 0.0 1.0 0.0 0.0 8.0 0.0
4131.004348429652 0.0 0.0 0.0 1.0 0.0 0.0 8.0 0.0
4132.004348429652 0.0 0.0 0.0 1.0 0.0 0.0 8.0 0.0
4133.002183016291 0.0 0.0 0.0 1.0 0.0 0.0 8.0 0.0
4134.003157675288 0.0 0.0 0.0 1.0 0.0 0.0 8.0 0.0
4135.00248970529 0.0 0.0 0.0 1.0 0.0 0.0 8.0 0.0
4136.004348429652 0.0 0.0 0.0 1.0 0.0 0.0 8.0 0.0
4137.004348429652 0.0 0.0 0.0 1.0 0.0 0.0 8.0 0.0
4138.00216562732 0.0 0.0 0.0 1.0 0.0 0.0 8.0 0.0
4139.004348429652 0.0 0.0 0.0 1.0 0.0 0.0 8.0 0.0
4140.004348429652 0.0 0.0 0.0 1.0 0.0 0.0 8.0 0.0
4141.004348429652 0.0 0.0 0.0 1.0 0.0 0.0 8.0 0.0
4142.004348429652 0.0 0.0 0.0 1.0 0.0 0.0 8.0 0.0
4143.004348429652 0.0 0.0 0.0 1.0 0.0 0.0 8.0 0.0
4144.004348429652 0.0 0.0 0.0 1.0 0.0 0.0 8.0 0.0
4145.004348429652 0.0 0.0 0.0 1.0 0.0 0.0 8.0 0.0
4146.001700982447 0.0 0.0 0.0 1.0 0.0 0.0 8.0 0.0
4147.004348429652 0.0 0.0 0.0 1.0 0.0 0.0 8.0 0.0
4148.003468200528 0.0 0.0 0.0 1.0 0.0 0.0 8.0 0.0
4149.004348429652 0.0 0.0 0.0 1.0 0.0 0.0 8.0 0.0
4150.004348429652 0.0 0.0 0.0 1.0 0.0 0.0 8.0 0.0
4151.004348429652 0.0 0.0 0.0 1.0 0.0 0.0 8.0 0.0
4152.004348429652 0.0 0.0 0.0 1.0 0.0 0.0 8.0 0.0
4153.004348429652 0.0 0.0 0.0 1.0 0.0 0.0 8.0 0.0
4154.004348429652 0.0 0.0 0.0 1.0 0.0 0.0 8.0 0.0
4155.004348429652 0.0 0.0 0.0 1.0 0.0 0.0 8.0 0.0
4156.004348429652 0.0 0.0 0.0 1.0 0.0 0.0 8.0 0.0
4157.004348429652 0.0 0.0 0.0 1.0 0.0 0.0 8.0 0.0
4158.004348429652 0.0 0.0 0.0 1.0 0.0 0.0 8.0 0.0
4159.004348429652 0.0 0.0 0.0 1.0 0.0 0.0 8.0 0.0
4160.004348429652 0.0 0.0 0.0 1.0 0.0 0.0 8.0 0.0
4161.004348429652 0.0 0.0 0.0 1.0 0.0 0.0 8.0 0.0
4162.004348429652 0.0 0.0 0.0 1.0 0.0 0.0 8.0 0.0
4163.004348429652 0.0 0.0 0.0 1.0 0.0 0.0 8.0 0.0
4164.0037716540255 0.0 0.0 0.0 1.0 0.0 0.0 8.0 0.0
4165.004348429652 0.0 0.0 0.0 1.0 0.0 0.0 8.0 0.0
4166.000945989276 0.0 0.0 0.0 1.0 0.0 0.0 8.0 0.0
4167.004348429652 0.0 0.0 0.0 1.0 0.0 0.0 8.0 0.0
4168.002301305712 0.0 0.0 0.0 1.0 0.0 0.0 8.0 0.0
4169.002553909734 0.0 0.0 0.0 1.0 0.0 0.0 8.0 0.0
4170.004348429652 0.0 0.0 0.0 1.0 0.0 0.0 8.0 0.0
4171.002640782942 0.0 0.0 0.0 1.0 0.0 0.0 8.0 0.0
4172.004348429652 0.0 0.0 0.0 1.0 0.0 0.0 8.0 0.0
4173.003824940244 0.0 0.0 0.0 1.0 0.0 0.0 8.0 0.0
4174.001199858192 0.0 0.0 0.0 1.0 0.0 0.0 8.0 0.0
4175.004348429652 0.0 0.0 0.0 1.0 0.0 0.0 8.0 0.0
4176.004348429652 0.0 0.0 0.0 1.0 0.0 0.0 8.0 0.0
4177.004348429652 0.0 0.0 0.0 1.0 0.0 0.0 8.0 0.0
4178.004253639978 0.0 0.0 0.0 1.0 0.0 0.0 8.0 0.0
4179.001331754974 0.0 0.0 0.0 1.0 0.0 0.0 8.0 0.0
4180.004348429652 0.0 0.0 0.0 1.0 0.0 0.0 8.0 0.0
4181.002406738258 0.0 0.0 0.0 1.0 0.0 0.0 8.0 0.0
4182.004348429652 0.0 0.0 0.0 1.0 0.0 0.0 8.0 0.0
4183.000038530774 0.0 0.0 0.0 1.0 0.0 0.0 8.0 0.0
4184.004348429652 0.0 0.0 0.0 1.0 0.0 0.0 8.0 0.0
4185.004348429652 0.0 0.0 0.0 1.0 0.0 0.0 8.0 0.0
4186.004348429652 0.0 0.0 0.0 1.0 0.0 0.0 8.0 0.0
4187.0026299828805 0.0 0.0 0.0 1.0 0.0 0.0 8.0 0.0
4188.004175847049 0.0 0.0 0.0 1.0 0.0 0.0 8.0 0.0
4189.0040986628965 0.0 0.0 0.0 1.0 0.0 0.0 8.0 0.0
4190.004348429652 0.0 0.0 0.0 1.0 0.0 0.0 8.0 0.0
4191.004348429652 0.0 0.0 0.0 1.0 0.0 0.0 8.0 0.0
4192.004348429652 0.0 0.0 0.0 1.0 0.0 0.0 8.0 0.0
4193.004348429652 0.0 0.0 0.0 1.0 0.0 0.0 8.0 0.0
4194.004348429652 0.0 0.0 0.0 1.0 0.0 0.0 8.0 0.0
4195.0032262013765 0.0 0.0 0.0 1.0 0.0 0.0 8.0 0.0
4196.00179489333 0.0 0.0 0.0 1.0 0.0 0.0 8.0 0.0
4197.004348429652 0.0 0.0 0.0 1.0 0.0 0.0 8.0 0.0
4198.004348429652 0.0 0.0 0.0 1.0 0.0 0.0 8.0 0.0
4199.004348429652 0.0 0.0 0.0 1.0 0.0 0.0 8.0 0.0
4200.001528413953 0.0 0.0 0.0 1.0 0.0 0.0 8.0 0.0
4201.004348429652 0.0 0.0 0.0 1.0 0.0 0.0 8.0 0.0
4202.004348429652 0.0 0.0 0.0 1.0 0.0 0.0 8.0 0.0
4203.004348429652 0.0 0.0 0.0 1.0 0.0 0.0 8.0 0.0
4204.000591391136 0.0 0.0 0.0 1.0 0.0 0.0 8.0 0.0
4205.004348429652 0.0 0.0 0.0 1.0 0.0 0.0 8.0 0.0
4206.004348429652 0.0 0.0 0.0 1.0 0.0 0.0 8.0 0.0
4207.000551590437 0.0 0.0 0.0 1.0 0.0 0.0 8.0 0.0
4208.004348429652 0.0 0.0 0.0 1.0 0.0 0.0 8.0 0.0
4209.004348429652 0.0 0.0 0.0 1.0 0.0 0.0 8.0 0.0
4210.002071041509 0.0 0.0 0.0 1.0 0.0 0.0 8.0 0.0
4211.004348429652 0.0 0.0 0.0 1.0 0.0 0.0 8.0 0.0
4212.004348429652 0.0 0.0 0.0 1.0 0.0 0.0 8.0 0.0
4213.001953934336 0.0 0.0 0.0 1.0 0.0 0.0 8.0 0.0
4214.000881041727 0.0 0.0 0.0 1.0 0.0 0.0 8.0 0.0
4215.004348429652 0.0 0.0 0.0 1.0 0.0 0.0 8.0 0.0
4216.004348429652 0.0 0.0 0.0 1.0 0.0 0.0 8.0 0.0
4217.004348429652 0.0 0.0 0.0 1.0 0.0 0.0 8.0 0.0
4218.004348429652 0.0 0.0 0.0 1.0 0.0 0.0 8.0 0.0
4219.004348429652 0.0 0.0 0.0 1.0 0.0 0.0 8.0 0.0
4220.000199327951 0.0 0.0 0.0 1.0 0.0 0.0 8.0 0.0
4221.004348429652 0.0 0.0 0.0 1.0 0.0 0.0 8.0 0.0
4222.004348429652 0.0 0.0 0.0 1.0 0.0 0.0 8.0 0.0
4223.004348429652 0.0 0.0 0.0 1.0 0.0 0.0 8.0 0.0
4224.001771510487 0.0 0.0 0.0 1.0 0.0 0.0 8.0 0.0
4225.004348429652 0.0 0.0 0.0 1.0 0.0 0.0 8.0 0.0
4226.004348429652 0.0 0.0 0.0 1.0 0.0 0.0 8.0 0.0
4227.004348429652 0.0 0.0 0.0 1.0 0.0 0.0 8.0 0.0
4228.004348429652 0.0 0.0 0.0 1.0 0.0 0.0 8.0 0.0
4229.004348429652 0.0 0.0 0.0 1.0 0.0 0.0 8.0 0.0
4230.002551471319 0.0 0.0 0.0 1.0 0.0 0.0 8.0 0.0
4231.000623920558 0.0 0.0 0.0 1.0 0.0 0.0 8.0 0.0
4232.002456811005 0.0 0.0 0.0 1.0 0.0 0.0 8.0 0.0
4233.004348429652 0.0 0.0 0.0 1.0 0.0 0.0 8.0 0.0
4234.004348429652 0.0 0.0 0.0 1.0 0.0 0.0 8.0 0.0
4235.004348429652 0.0 0.0 0.0 1.0 0.0 0.0 8.0 0.0
4236.004348429652 0.0 0.0 0.0 1.0 0.0 0.0 8.0 0.0
4237.004348429652 0.0 0.0 0.0 1.0 0.0 0.0 8.0 0.0
4238.004348429652 0.0 0.0 0.0 1.0 0.0 0.0 8.0 0.0
4239.000297133973 0.0 0.0 0.0 1.0 0.0 0.0 8.0 0.0
4240.004348429652 0.0 0.0 0.0 1.0 0.0 0.0 8.0 0.0
4241.004348429652 0.0 0.0 0.0 1.0 0.0 0.0 8.0 0.0
4242.00147295313 0.0 0.0 0.0 1.0 0.0 0.0 8.0 0.0
4243.004348429652 0.0 0.0 0.0 1.0 0.0 0.0 8.0 0.0
4244.004348429652 0.0 0.0 0.0 1.0 0.0 0.0 8.0 0.0
4245.0012224179045 0.0 0.0 0.0 1.0 0.0 0.0 8.0 0.0
4246.004348429652 0.0 0.0 0.0 1.0 0.0 0.0 8.0 0.0
4247.004348429652 0.0 0.0 0.0 1.0 0.0 0.0 8.0 0.0
4248.001056438804 0.0 0.0 0.0 1.0 0.0 0.0 8.0 0.0
4249.00239303967 0.0 0.0 0.0 1.0 0.0 0.0 8.0 0.0
4250.000486652718 0.0 0.0 0.0 1.0 0.0 0.0 8.0 0.0
4251.004348429652 0.0 0.0 0.0 1.0 0.0 0.0 8.0 0.0
4252.004348429652 0.0 0.0 0.0 1.0 0.0 0.0 8.0 0.0
4253.004348429652 0.0 0.0 0.0 1.0 0.0 0.0 8.0 0.0
4254.004348429652 0.0 0.0 0.0 1.0 0.0 0.0 8.0 0.0
4255.004348429652 0.0 0.0 0.0 1.0 0.0 0.0 8.0 0.0
4256.003146566243 0.0 0.0 0.0 1.0 0.0 0.0 8.0 0.0
4257.004348429652 0.0 0.0 0.0 1.0 0.0 0.0 8.0 0.0
4258.004348429652 0.0 0.0 0.0 1.0 0.0 0.0 8.0 0.0
4259.004348429652 0.0 0.0 0.0 1.0 0.0 0.0 8.0 0.0
4260.000228796295 0.0 0.0 0.0 1.0 0.0 0.0 8.0 0.0
4261.004348429652 0.0 0.0 0.0 1.0 0.0 0.0 8.0 0.0
4262.004348429652 0.0 0.0 0.0 1.0 0.0 0.0 8.0 0.0
4263.004348429652 0.0 0.0 0.0 1.0 0.0 0.0 8.0 0.0
4264.000480989313 0.0 0.0 0.0 1.0 0.0 0.0 8.0 0.0
4265.001052008054 0.0 0.0 0.0 1.0 0.0 0.0 8.0 0.0
4266.004348429652 0.0 0.0 0.0 1.0 0.0 0.0 8.0 0.0
4267.004050560238 0.0 0.0 0.0 1.0 0.0 0.0 8.0 0.0
4268.004348429652 0.0 0.0 0.0 1.0 0.0 0.0 8.0 0.0
4269.004348429652 0.0 0.0 0.0 1.0 0.0 0.0 8.0 0.0
4270.002263747827 0.0 0.0 0.0 1.0 0.0 0.0 8.0 0.0
4271.002406404741 0.0 0.0 0.0 1.0 0.0 0.0 8.0 0.0
4272.0000159510355 0.0 0.0 0.0 1.0 0.0 0.0 8.0 0.0
4273.004348429652 0.0 0.0 0.0 1.0 0.0 0.0 8.0 0.0
4274.004348429652 0.0 0.0 0.0 1.0 0.0 0.0 8.0 0.0
4275.004348429652 0.0 0.0 0.0 1.0 0.0 0.0 8.0 0.0
4276.004348429652 0.0 0.0 0.0 1.0 0.0 0.0 8.0 0.0
4277.004348429652 0.0 0.0 0.0 1.0 0.0 0.0 8.0 0.0
4278.004348429652 0.0 0.0 0.0 1.0 0.0 0.0 8.0 0.0
4279.004348429652 0.0 0.0 0.0 1.0 0.0 0.0 8.0 0.0
4280.004348429652 0.0 0.0 0.0 1.0 0.0 0.0 8.0 0.0
4281.003814257984 0.0 0.0 0.0 1.0 0.0 0.0 8.0 0.0
4282.001142188317 0.0 0.0 0.0 1.0 0.0 0.0 8.0 0.0
4283.004348429652 0.0 0.0 0.0 1.0 0.0 0.0 8.0 0.0
4284.004348429652 0.0 0.0 0.0 1.0 0.0 0.0 8.0 0.0
4285.004348429652 0.0 0.0 0.0 1.0 0.0 0.0 8.0 0.0
4286.004348429652 0.0 0.0 0.0 1.0 0.0 0.0 8.0 0.0
4287.004348429652 0.0 0.0 0.0 1.0 0.0 0.0 8.0 0.0
4288.004348429652 0.0 0.0 0.0 1.0 0.0 0.0 8.0 0.0
4289.003970529185 0.0 0.0 0.0 1.0 0.0 0.0 8.0 0.0
4290.004348429652 0.0 0.0 0.0 1.0 0.0 0.0 8.0 0.0
4291.000865933493 0.0 0.0 0.0 1.0 0.0 0.0 8.0 0.0
4292.001175993096 0.0 0.0 0.0 1.0 0.0 0.0 8.0 0.0
4293.004348429652 0.0 0.0 0.0 1.0 0.0 0.0 8.0 0.0
4294.004348429652 0.0 0.0 0.0 1.0 0.0 0.0 8.0 0.0
4295.004348429652 0.0 0.0 0.0 1.0 0.0 0.0 8.0 0.0
4296.004348429652 0.0 0.0 0.0 1.0 0.0 0.0 8.0 0.0
4297.004348429652 0.0 0.0 0.0 1.0 0.0 0.0 8.0 0.0
4298.004348429652 0.0 0.0 0.0 1.0 0.0 0.0 8.0 0.0
4299.004348429652 0.0 0.0 0.0 1.0 0.0 0.0 8.0 0.0
4300.004348429652 0.0 0.0 0.0 1.0 0.0 0.0 8.0 0.0
4301.004348429652 0.0 0.0 0.0 1.0 0.0 0.0 8.0 0.0
4302.004348429652 0.0 0.0 0.0 1.0 0.0 0.0 8.0 0.0
4303.004348429652 0.0 0.0 0.0 1.0 0.0 0.0 8.0 0.0
4304.001363493017 0.0 0.0 0.0 1.0 0.0 0.0 8.0 0.0
4305.004348429652 0.0 0.0 0.0 1.0 0.0 0.0 8.0 0.0
4306.00056590637 0.0 0.0 0.0 1.0 0.0 0.0 8.0 0.0
4307.000230286609 0.0 0.0 0.0 1.0 0.0 0.0 8.0 0.0
4308.004348429652 0.0 0.0 0.0 1.0 0.0 0.0 8.0 0.0
4309.004348429652 0.0 0.0 0.0 1.0 0.0 0.0 8.0 0.0
4310.004348429652 0.0 0.0 0.0 1.0 0.0 0.0 8.0 0.0
4311.004348429652 0.0 0.0 0.0 1.0 0.0 0.0 8.0 0.0
4312.004348429652 0.0 0.0 0.0 1.0 0.0 0.0 8.0 0.0
4313.004348429652 0.0 0.0 0.0 1.0 0.0 0.0 8.0 0.0
4314.004348429652 0.0 0.0 0.0 1.0 0.0 0.0 8.0 0.0
4315.001282150528 0.0 0.0 0.0 1.0 0.0 0.0 8.0 0.0
4316.004348429652 0.0 0.0 0.0 1.0 0.0 0.0 8.0 0.0
4317.004348429652 0.0 0.0 0.0 1.0 0.0 0.0 8.0 0.0
4318.004348429652 0.0 0.0 0.0 1.0 0.0 0.0 8.0 0.0
4319.0008078444425 0.0 0.0 0.0 1.0 0.0 0.0 8.0 0.0
4320.000270745819 0.0 0.0 0.0 1.0 0.0 0.0 8.0 0.0
4321.004348429652 0.0 0.0 0.0 1.0 0.0 0.0 8.0 0.0
4322.004348429652 0.0 0.0 0.0 1.0 0.0 0.0 8.0 0.0
4323.004348429652 0.0 0.0 0.0 1.0 0.0 0.0 8.0 0.0
4324.004290427092 0.0 0.0 0.0 1.0 0.0 0.0 8.0 0.0
4325.004348429652 0.0 0.0 0.0 1.0 0.0 0.0 8.0 0.0
4326.000548326289 0.0 0.0 0.0 1.0 0.0 0.0 8.0 0.0
4327.004348429652 0.0 0.0 0.0 1.0 0.0 0.0 8.0 0.0
4328.004348429652 0.0 0.0 0.0 1.0 0.0 0.0 8.0 0.0
4329.004348429652 0.0 0.0 0.0 1.0 0.0 0.0 8.0 0.0
4330.004348429652 0.0 0.0 0.0 1.0 0.0 0.0 8.0 0.0
4331.004348429652 0.0 0.0 0.0 1.0 0.0 0.0 8.0 0.0
4332.004348429652 0.0 0.0 0.0 1.0 0.0 0.0 8.0 0.0
4333.004348429652 0.0 0.0 0.0 1.0 0.0 0.0 8.0 0.0
4334.004348429652 0.0 0.0 0.0 1.0 0.0 0.0 8.0 0.0
4335.004348429652 0.0 0.0 0.0 1.0 0.0 0.0 8.0 0.0
4336.004348429652 0.0 0.0 0.0 1.0 0.0 0.0 8.0 0.0
4337.004348429652 0.0 0.0 0.0 1.0 0.0 0.0 8.0 0.0
4338.004348429652 0.0 0.0 0.0 1.0 0.0 0.0 8.0 0.0
4339.002053318252 0.0 0.0 0.0 1.0 0.0 0.0 8.0 0.0
4340.004348429652 0.0 0.0 0.0 1.0 0.0 0.0 8.0 0.0
4341.004348429652 0.0 0.0 0.0 1.0 0.0 0.0 8.0 0.0
4342.002871857413 0.0 0.0 0.0 1.0 0.0 0.0 8.0 0.0
4343.004348429652 0.0 0.0 0.0 1.0 0.0 0.0 8.0 0.0
4344.004348429652 0.0 0.0 0.0 1.0 0.0 0.0 8.0 0.0
4345.004348429652 0.0 0.0 0.0 1.0 0.0 0.0 8.0 0.0
4346.004348429652 0.0 0.0 0.0 1.0 0.0 0.0 8.0 0.0
4347.004348429652 0.0 0.0 0.0 1.0 0.0 0.0 8.0 0.0
4348.004348429652 0.0 0.0 0.0 1.0 0.0 0.0 8.0 0.0
4349.004348429652 0.0 0.0 0.0 1.0 0.0 0.0 8.0 0.0
4350.004348429652 0.0 0.0 0.0 1.0 0.0 0.0 8.0 0.0
4351.004348429652 0.0 0.0 0.0 1.0 0.0 0.0 8.0 0.0
4352.000072682198 0.0 0.0 0.0 1.0 0.0 0.0 8.0 0.0
4353.004348429652 0.0 0.0 0.0 1.0 0.0 0.0 8.0 0.0
4354.004348429652 0.0 0.0 0.0 1.0 0.0 0.0 8.0 0.0
4355.004348429652 0.0 0.0 0.0 1.0 0.0 0.0 8.0 0.0
4356.004348429652 0.0 0.0 0.0 1.0 0.0 0.0 8.0 0.0
4357.004348429652 0.0 0.0 0.0 1.0 0.0 0.0 8.0 0.0
4358.004090689911 0.0 0.0 0.0 1.0 0.0 0.0 8.0 0.0
4359.004348429652 0.0 0.0 0.0 1.0 0.0 0.0 8.0 0.0
4360.004348429652 0.0 0.0 0.0 1.0 0.0 0.0 8.0 0.0
4361.004348429652 0.0 0.0 0.0 1.0 0.0 0.0 8.0 0.0
4362.004348429652 0.0 0.0 0.0 1.0 0.0 0.0 8.0 0.0
4363.0008738409215 0.0 0.0 0.0 1.0 0.0 0.0 8.0 0.0
4364.004348429652 0.0 0.0 0.0 1.0 0.0 0.0 8.0 0.0
4365.002688362881 0.0 0.0 0.0 1.0 0.0 0.0 8.0 0.0
4366.004348429652 0.0 0.0 0.0 1.0 0.0 0.0 8.0 0.0
4367.002435028989 0.0 0.0 0.0 1.0 0.0 0.0 8.0 0.0
4368.004348429652 0.0 0.0 0.0 1.0 0.0 0.0 8.0 0.0
4369.004348429652 0.0 0.0 0.0 1.0 0.0 0.0 8.0 0.0
4370.001130649487 0.0 0.0 0.0 1.0 0.0 0.0 8.0 0.0
4371.004348429652 0.0 0.0 0.0 1.0 0.0 0.0 8.0 0.0
4372.004348429652 0.0 0.0 0.0 1.0 0.0 0.0 8.0 0.0
4373.004348429652 0.0 0.0 0.0 1.0 0.0 0.0 8.0 0.0
4374.004348429652 0.0 0.0 0.0 1.0 0.0 0.0 8.0 0.0
4375.0032565927395 0.0 0.0 0.0 1.0 0.0 0.0 8.0 0.0
4376.004348429652 0.0 0.0 0.0 1.0 0.0 0.0 8.0 0.0
4377.004348429652 0.0 0.0 0.0 1.0 0.0 0.0 8.0 0.0
4378.004348429652 0.0 0.0 0.0 1.0 0.0 0.0 8.0 0.0
4379.004348429652 0.0 0.0 0.0 1.0 0.0 0.0 8.0 0.0
4380.000778609054 0.0 0.0 0.0 1.0 0.0 0.0 8.0 0.0
4381.004348429652 0.0 0.0 0.0 1.0 0.0 0.0 8.0 0.0
4382.004348429652 0.0 0.0 0.0 1.0 0.0 0.0 8.0 0.0
4383.004348429652 0.0 0.0 0.0 1.0 0.0 0.0 8.0 0.0
4384.002731862586 0.0 0.0 0.0 1.0 0.0 0.0 8.0 0.0
4385.004348429652 0.0 0.0 0.0 1.0 0.0 0.0 8.0 0.0
4386.004348429652 0.0 0.0 0.0 1.0 0.0 0.0 8.0 0.0
4387.002600912123 0.0 0.0 0.0 1.0 0.0 0.0 8.0 0.0
4388.003376130579 0.0 0.0 0.0 1.0 0.0 0.0 8.0 0.0
4389.004348429652 0.0 0.0 0.0 1.0 0.0 0.0 8.0 0.0
4390.004348429652 0.0 0.0 0.0 1.0 0.0 0.0 8.0 0.0
4391.004348429652 0.0 0.0 0.0 1.0 0.0 0.0 8.0 0.0
4392.004348429652 0.0 0.0 0.0 1.0 0.0 0.0 8.0 0.0
4393.004348429652 0.0 0.0 0.0 1.0 0.0 0.0 8.0 0.0
4394.003211297253 0.0 0.0 0.0 1.0 0.0 0.0 8.0 0.0
4395.0004697343475 0.0 0.0 0.0 1.0 0.0 0.0 8.0 0.0
4396.002996878912 0.0 0.0 0.0 1.0 0.0 0.0 8.0 0.0
4397.004348429652 0.0 0.0 0.0 1.0 0.0 0.0 8.0 0.0
4398.002743678051 0.0 0.0 0.0 1.0 0.0 0.0 8.0 0.0
4399.004348429652 0.0 0.0 0.0 1.0 0.0 0.0 8.0 0.0
4400.004348429652 0.0 0.0 0.0 1.0 0.0 0.0 8.0 0.0
4401.004348429652 0.0 0.0 0.0 1.0 0.0 0.0 8.0 0.0
4402.004348429652 0.0 0.0 0.0 1.0 0.0 0.0 8.0 0.0
4403.004348429652 0.0 0.0 0.0 1.0 0.0 0.0 8.0 0.0
4404.003994131794 0.0 0.0 0.0 1.0 0.0 0.0 8.0 0.0
4405.004348429652 0.0 0.0 0.0 1.0 0.0 0.0 8.0 0.0
4406.004348429652 0.0 0.0 0.0 1.0 0.0 0.0 8.0 0.0
4407.0031986298645 0.0 0.0 0.0 1.0 0.0 0.0 8.0 0.0
4408.001366496492 0.0 0.0 0.0 1.0 0.0 0.0 8.0 0.0
4409.004348429652 0.0 0.0 0.0 1.0 0.0 0.0 8.0 0.0
4410.004348429652 0.0 0.0 0.0 1.0 0.0 0.0 8.0 0.0
4411.004348429652 0.0 0.0 0.0 1.0 0.0 0.0 8.0 0.0
4412.004348429652 0.0 0.0 0.0 1.0 0.0 0.0 8.0 0.0
4413.004348429652 0.0 0.0 0.0 1.0 0.0 0.0 8.0 0.0
4414.004348429652 0.0 0.0 0.0 1.0 0.0 0.0 8.0 0.0
4415.004348429652 0.0 0.0 0.0 1.0 0.0 0.0 8.0 0.0
4416.004348429652 0.0 0.0 0.0 1.0 0.0 0.0 8.0 0.0
4417.004348429652 0.0 0.0 0.0 1.0 0.0 0.0 8.0 0.0
4418.004348429652 0.0 0.0 0.0 1.0 0.0 0.0 8.0 0.0
4419.004348429652 0.0 0.0 0.0 1.0 0.0 0.0 8.0 0.0
4420.004348429652 0.0 0.0 0.0 1.0 0.0 0.0 8.0 0.0
4421.004348429652 0.0 0.0 0.0 1.0 0.0 0.0 8.0 0.0
4422.004348429652 0.0 0.0 0.0 1.0 0.0 0.0 8.0 0.0
4423.004348429652 0.0 0.0 0.0 1.0 0.0 0.0 8.0 0.0
4424.004124564261 0.0 0.0 0.0 1.0 0.0 0.0 8.0 0.0
4425.004348429652 0.0 0.0 0.0 1.0 0.0 0.0 8.0 0.0
4426.003563912035 0.0 0.0 0.0 1.0 0.0 0.0 8.0 0.0
4427.003343651346 0.0 0.0 0.0 1.0 0.0 0.0 8.0 0.0
4428.004348429652 0.0 0.0 0.0 1.0 0.0 0.0 8.0 0.0
4429.004348429652 0.0 0.0 0.0 1.0 0.0 0.0 8.0 0.0
4430.004348429652 0.0 0.0 0.0 1.0 0.0 0.0 8.0 0.0
4431.004348429652 0.0 0.0 0.0 1.0 0.0 0.0 8.0 0.0
4432.004348429652 0.0 0.0 0.0 1.0 0.0 0.0 8.0 0.0
4433.004168156931 0.0 0.0 0.0 1.0 0.0 0.0 8.0 0.0
4434.004348429652 0.0 0.0 0.0 1.0 0.0 0.0 8.0 0.0
4435.004348429652 0.0 0.0 0.0 1.0 0.0 0.0 8.0 0.0
4436.001171933647 0.0 0.0 0.0 1.0 0.0 0.0 8.0 0.0
4437.001983006189 0.0 0.0 0.0 1.0 0.0 0.0 8.0 0.0
4438.004348429652 0.0 0.0 0.0 1.0 0.0 0.0 8.0 0.0
4439.004348429652 0.0 0.0 0.0 1.0 0.0 0.0 8.0 0.0
4440.004348429652 0.0 0.0 0.0 1.0 0.0 0.0 8.0 0.0
4441.004348429652 0.0 0.0 0.0 1.0 0.0 0.0 8.0 0.0
4442.004348429652 0.0 0.0 0.0 1.0 0.0 0.0 8.0 0.0
4443.004348429652 0.0 0.0 0.0 1.0 0.0 0.0 8.0 0.0
4444.000209379094 0.0 0.0 0.0 1.0 0.0 0.0 8.0 0.0
4445.004348429652 0.0 0.0 0.0 1.0 0.0 0.0 8.0 0.0
4446.004348429652 0.0 0.0 0.0 1.0 0.0 0.0 8.0 0.0
4447.004348429652 0.0 0.0 0.0 1.0 0.0 0.0 8.0 0.0
4448.004348429652 0.0 0.0 0.0 1.0 0.0 0.0 8.0 0.0
4449.004348429652 0.0 0.0 0.0 1.0 0.0 0.0 8.0 0.0
4450.000666663988 0.0 0.0 0.0 1.0 0.0 0.0 8.0 0.0
4451.002800030338 0.0 0.0 0.0 1.0 0.0 0.0 8.0 0.0
4452.001072935743 0.0 0.0 0.0 1.0 0.0 0.0 8.0 0.0
4453.004348429652 0.0 0.0 0.0 1.0 0.0 0.0 8.0 0.0
4454.004348429652 0.0 0.0 0.0 1.0 0.0 0.0 8.0 0.0
4455.004348429652 0.0 0.0 0.0 1.0 0.0 0.0 8.0 0.0
4456.004348429652 0.0 0.0 0.0 1.0 0.0 0.0 8.0 0.0
4457.000479605957 0.0 0.0 0.0 1.0 0.0 0.0 8.0 0.0
4458.004348429652 0.0 0.0 0.0 1.0 0.0 0.0 8.0 0.0
4459.001866279146 0.0 0.0 0.0 1.0 0.0 0.0 8.0 0.0
4460.004348429652 0.0 0.0 0.0 1.0 0.0 0.0 8.0 0.0
4461.004348429652 0.0 0.0 0.0 1.0 0.0 0.0 8.0 0.0
4462.004348429652 0.0 0.0 0.0 1.0 0.0 0.0 8.0 0.0
4463.000890564364 0.0 0.0 0.0 1.0 0.0 0.0 8.0 0.0
4464.004348429652 0.0 0.0 0.0 1.0 0.0 0.0 8.0 0.0
4465.004348429652 0.0 0.0 0.0 1.0 0.0 0.0 8.0 0.0
4466.004348429652 0.0 0.0 0.0 1.0 0.0 0.0 8.0 0.0
4467.004348429652 0.0 0.0 0.0 1.0 0.0 0.0 8.0 0.0
4468.004348429652 0.0 0.0 0.0 1.0 0.0 0.0 8.0 0.0
4469.004348429652 0.0 0.0 0.0 1.0 0.0 0.0 8.0 0.0
4470.004348429652 0.0 0.0 0.0 1.0 0.0 0.0 8.0 0.0
4471.004348429652 0.0 0.0 0.0 1.0 0.0 0.0 8.0 0.0
4472.004348429652 0.0 0.0 0.0 1.0 0.0 0.0 8.0 0.0
4473.000878171499 0.0 0.0 0.0 1.0 0.0 0.0 8.0 0.0
4474.000708172519 0.0 0.0 0.0 1.0 0.0 0.0 8.0 0.0
4475.004348429652 0.0 0.0 0.0 1.0 0.0 0.0 8.0 0.0
4476.004348429652 0.0 0.0 0.0 1.0 0.0 0.0 8.0 0.0
4477.004348429652 0.0 0.0 0.0 1.0 0.0 0.0 8.0 0.0
4478.0034103052985 0.0 0.0 0.0 1.0 0.0 0.0 8.0 0.0
4479.003677722615 0.0 0.0 0.0 1.0 0.0 0.0 8.0 0.0
4480.004348429652 0.0 0.0 0.0 1.0 0.0 0.0 8.0 0.0
4481.004348429652 0.0 0.0 0.0 1.0 0.0 0.0 8.0 0.0
4482.004348429652 0.0 0.0 0.0 1.0 0.0 0.0 8.0 0.0
4483.000697696041 0.0 0.0 0.0 1.0 0.0 0.0 8.0 0.0
4484.004348429652 0.0 0.0 0.0 1.0 0.0 0.0 8.0 0.0
4485.004348429652 0.0 0.0 0.0 1.0 0.0 0.0 8.0 0.0
4486.004348429652 0.0 0.0 0.0 1.0 0.0 0.0 8.0 0.0
4487.004348429652 0.0 0.0 0.0 1.0 0.0 0.0 8.0 0.0
4488.004348429652 0.0 0.0 0.0 1.0 0.0 0.0 8.0 0.0
4489.004348429652 0.0 0.0 0.0 1.0 0.0 0.0 8.0 0.0
4490.004348429652 0.0 0.0 0.0 1.0 0.0 0.0 8.0 0.0
4491.000358694545 0.0 0.0 0.0 1.0 0.0 0.0 8.0 0.0
4492.004348429652 0.0 0.0 0.0 1.0 0.0 0.0 8.0 0.0
4493.004348429652 0.0 0.0 0.0 1.0 0.0 0.0 8.0 0.0
4494.004348429652 0.0 0.0 0.0 1.0 0.0 0.0 8.0 0.0
4495.004339096094 0.0 0.0 0.0 1.0 0.0 0.0 8.0 0.0
4496.004348429652 0.0 0.0 0.0 1.0 0.0 0.0 8.0 0.0
4497.001636183072 0.0 0.0 0.0 1.0 0.0 0.0 8.0 0.0
4498.004348429652 0.0 0.0 0.0 1.0 0.0 0.0 8.0 0.0
4499.004348429652 0.0 0.0 0.0 1.0 0.0 0.0 8.0 0.0
4500.004348429652 0.0 0.0 0.0 1.0 0.0 0.0 8.0 0.0
4501.003111333215 0.0 0.0 0.0 1.0 0.0 0.0 8.0 0.0
4502.004348429652 0.0 0.0 0.0 1.0 0.0 0.0 8.0 0.0
4503.004348429652 0.0 0.0 0.0 1.0 0.0 0.0 8.0 0.0
4504.004348429652 0.0 0.0 0.0 1.0 0.0 0.0 8.0 0.0
4505.004348429652 0.0 0.0 0.0 1.0 0.0 0.0 8.0 0.0
4506.004348429652 0.0 0.0 0.0 1.0 0.0 0.0 8.0 0.0
4507.004348429652 0.0 0.0 0.0 1.0 0.0 0.0 8.0 0.0
4508.004348429652 0.0 0.0 0.0 1.0 0.0 0.0 8.0 0.0
4509.004348429652 0.0 0.0 0.0 1.0 0.0 0.0 8.0 0.0
4510.004348429652 0.0 0.0 0.0 1.0 0.0 0.0 8.0 0.0
4511.004348429652 0.0 0.0 0.0 1.0 0.0 0.0 8.0 0.0
4512.004348429652 0.0 0.0 0.0 1.0 0.0 0.0 8.0 0.0
4513.004348429652 0.0 0.0 0.0 1.0 0.0 0.0 8.0 0.0
4514.004348429652 0.0 0.0 0.0 1.0 0.0 0.0 8.0 0.0
4515.004348429652 0.0 0.0 0.0 1.0 0.0 0.0 8.0 0.0
4516.004348429652 0.0 0.0 0.0 1.0 0.0 0.0 8.0 0.0
4517.004348429652 0.0 0.0 0.0 1.0 0.0 0.0 8.0 0.0
4518.001856025747 0.0 0.0 0.0 1.0 0.0 0.0 8.0 0.0
4519.004348429652 0.0 0.0 0.0 1.0 0.0 0.0 8.0 0.0
4520.003678243575 0.0 0.0 0.0 1.0 0.0 0.0 8.0 0.0
4521.004348429652 0.0 0.0 0.0 1.0 0.0 0.0 8.0 0.0
4522.004348429652 0.0 0.0 0.0 1.0 0.0 0.0 8.0 0.0
4523.004348429652 0.0 0.0 0.0 1.0 0.0 0.0 8.0 0.0
4524.000972315858 0.0 0.0 0.0 1.0 0.0 0.0 8.0 0.0
4525.004348429652 0.0 0.0 0.0 1.0 0.0 0.0 8.0 0.0
4526.004348429652 0.0 0.0 0.0 1.0 0.0 0.0 8.0 0.0
4527.004348429652 0.0 0.0 0.0 1.0 0.0 0.0 8.0 0.0
4528.001651028792 0.0 0.0 0.0 1.0 0.0 0.0 8.0 0.0
4529.004348429652 0.0 0.0 0.0 1.0 0.0 0.0 8.0 0.0
4530.004348429652 0.0 0.0 0.0 1.0 0.0 0.0 8.0 0.0
4531.004348429652 0.0 0.0 0.0 1.0 0.0 0.0 8.0 0.0
4532.004348429652 0.0 0.0 0.0 1.0 0.0 0.0 8.0 0.0
4533.004348429652 0.0 0.0 0.0 1.0 0.0 0.0 8.0 0.0
4534.004348429652 0.0 0.0 0.0 1.0 0.0 0.0 8.0 0.0
4535.004348429652 0.0 0.0 0.0 1.0 0.0 0.0 8.0 0.0
4536.004348429652 0.0 0.0 0.0 1.0 0.0 0.0 8.0 0.0
4537.003767693533 0.0 0.0 0.0 1.0 0.0 0.0 8.0 0.0
4538.004348429652 0.0 0.0 0.0 1.0 0.0 0.0 8.0 0.0
4539.004348429652 0.0 0.0 0.0 1.0 0.0 0.0 8.0 0.0
4540.004348429652 0.0 0.0 0.0 1.0 0.0 0.0 8.0 0.0
4541.004348429652 0.0 0.0 0.0 1.0 0.0 0.0 8.0 0.0
4542.004348429652 0.0 0.0 0.0 1.0 0.0 0.0 8.0 0.0
4543.004348429652 0.0 0.0 0.0 1.0 0.0 0.0 8.0 0.0
4544.004348429652 0.0 0.0 0.0 1.0 0.0 0.0 8.0 0.0
4545.004348429652 0.0 0.0 0.0 1.0 0.0 0.0 8.0 0.0
4546.004348429652 0.0 0.0 0.0 1.0 0.0 0.0 8.0 0.0
4547.004348429652 0.0 0.0 0.0 1.0 0.0 0.0 8.0 0.0
4548.004348429652 0.0 0.0 0.0 1.0 0.0 0.0 8.0 0.0
4549.001443230861 0.0 0.0 0.0 1.0 0.0 0.0 8.0 0.0
4550.004348429652 0.0 0.0 0.0 1.0 0.0 0.0 8.0 0.0
4551.004348429652 0.0 0.0 0.0 1.0 0.0 0.0 8.0 0.0
4552.004348429652 0.0 0.0 0.0 1.0 0.0 0.0 8.0 0.0
4553.004348429652 0.0 0.0 0.0 1.0 0.0 0.0 8.0 0.0
4554.004348429652 0.0 0.0 0.0 1.0 0.0 0.0 8.0 0.0
4555.004348429652 0.0 0.0 0.0 1.0 0.0 0.0 8.0 0.0
4556.004348429652 0.0 0.0 0.0 1.0 0.0 0.0 8.0 0.0
4557.004348429652 0.0 0.0 0.0 1.0 0.0 0.0 8.0 0.0
4558.004348429652 0.0 0.0 0.0 1.0 0.0 0.0 8.0 0.0
4559.004085238547 0.0 0.0 0.0 1.0 0.0 0.0 8.0 0.0
4560.0001691040125 0.0 0.0 0.0 1.0 0.0 0.0 8.0 0.0
4561.004348429652 0.0 0.0 0.0 1.0 0.0 0.0 8.0 0.0
4562.004348429652 0.0 0.0 0.0 1.0 0.0 0.0 8.0 0.0
4563.004348429652 0.0 0.0 0.0 1.0 0.0 0.0 8.0 0.0
4564.004348429652 0.0 0.0 0.0 1.0 0.0 0.0 8.0 0.0
4565.004348429652 0.0 0.0 0.0 1.0 0.0 0.0 8.0 0.0
4566.004348429652 0.0 0.0 0.0 1.0 0.0 0.0 8.0 0.0
4567.004348429652 0.0 0.0 0.0 1.0 0.0 0.0 8.0 0.0
4568.004348429652 0.0 0.0 0.0 1.0 0.0 0.0 8.0 0.0
4569.002299083132 0.0 0.0 0.0 1.0 0.0 0.0 8.0 0.0
4570.0042520351835 0.0 0.0 0.0 1.0 0.0 0.0 8.0 0.0
4571.004348429652 0.0 0.0 0.0 1.0 0.0 0.0 8.0 0.0
4572.004348429652 0.0 0.0 0.0 1.0 0.0 0.0 8.0 0.0
4573.004348429652 0.0 0.0 0.0 1.0 0.0 0.0 8.0 0.0
4574.004348429652 0.0 0.0 0.0 1.0 0.0 0.0 8.0 0.0
4575.004348429652 0.0 0.0 0.0 1.0 0.0 0.0 8.0 0.0
4576.004348429652 0.0 0.0 0.0 1.0 0.0 0.0 8.0 0.0
4577.004348429652 0.0 0.0 0.0 1.0 0.0 0.0 8.0 0.0
4578.004348429652 0.0 0.0 0.0 1.0 0.0 0.0 8.0 0.0
4579.004348429652 0.0 0.0 0.0 1.0 0.0 0.0 8.0 0.0
4580.001324580686 0.0 0.0 0.0 1.0 0.0 0.0 8.0 0.0
4581.002219380269 0.0 0.0 0.0 1.0 0.0 0.0 8.0 0.0
4582.003776032399 0.0 0.0 0.0 1.0 0.0 0.0 8.0 0.0
4583.004348429652 0.0 0.0 0.0 1.0 0.0 0.0 8.0 0.0
4584.001245522324 0.0 0.0 0.0 1.0 0.0 0.0 8.0 0.0
4585.004348429652 0.0 0.0 0.0 1.0 0.0 0.0 8.0 0.0
4586.004348429652 0.0 0.0 0.0 1.0 0.0 0.0 8.0 0.0
4587.000156787378 0.0 0.0 0.0 1.0 0.0 0.0 8.0 0.0
4588.004348429652 0.0 0.0 0.0 1.0 0.0 0.0 8.0 0.0
4589.004348429652 0.0 0.0 0.0 1.0 0.0 0.0 8.0 0.0
4590.004348429652 0.0 0.0 0.0 1.0 0.0 0.0 8.0 0.0
4591.004348429652 0.0 0.0 0.0 1.0 0.0 0.0 8.0 0.0
4592.004348429652 0.0 0.0 0.0 1.0 0.0 0.0 8.0 0.0
4593.004348429652 0.0 0.0 0.0 1.0 0.0 0.0 8.0 0.0
4594.003928191302 0.0 0.0 0.0 1.0 0.0 0.0 8.0 0.0
4595.004348429652 0.0 0.0 0.0 1.0 0.0 0.0 8.0 0.0
4596.004348429652 0.0 0.0 0.0 1.0 0.0 0.0 8.0 0.0
4597.004348429652 0.0 0.0 0.0 1.0 0.0 0.0 8.0 0.0
4598.004348429652 0.0 0.0 0.0 1.0 0.0 0.0 8.0 0.0
4599.000708252313 0.0 0.0 0.0 1.0 0.0 0.0 8.0 0.0
4600.000985356092 0.0 0.0 0.0 1.0 0.0 0.0 8.0 0.0
#####################################################################
# End of data export. Simulation finished at: 2026-05-19T13:34+0000 #
#####################################################################
