#####################################################################
# Alchemist log file - simulation started at: 2026-01-30T11:29+0000 #
#####################################################################
#
# seed = 125.0, connection_range_percentage = 0.15000000000000002, variability = 4.0, history_length = 6000
#
# The columns have the following meaning: 
# time wandering[mean] defending[mean] solving[mean] wait[mean] attacked[max] alarm[max] historySize[mean] disagreementRate 
0.0 NaN NaN NaN NaN 0.0 0.0 NaN 0.0
0.0 0.0 0.0 0.0 1.0 0.0 0.0 2.0 0.0
1.0091717719076176 0.0 0.0 0.0 1.0 0.0 0.0 2.35 0.0
2.0091717719076176 0.0 0.0 0.0 1.0 0.0 0.0 2.925 0.0
3.0091717719076176 0.0 0.0 0.0 1.0 0.0 0.0 2.95 0.0
4.009171771907617 0.0 0.0 0.0 1.0 0.0 0.0 2.975 0.0
5.009171771907617 0.0 0.0 0.0 1.0 0.0 0.0 2.975 0.0
6.009171771907617 0.0 0.0 0.0 1.0 0.0 0.0 2.975 0.0
7.0024815050426055 0.0 0.0 0.0 1.0 0.0 0.0 3.0 0.0
8.009171771907617 0.0 0.0 0.0 1.0 0.0 0.0 3.0 0.0
9.003372824696733 0.0 0.0 0.0 1.0 0.0 0.0 3.0 0.0
10.0028938732102 0.0 0.0 0.0 1.0 0.0 0.0 3.0 0.0
11.008512283432454 0.0 0.0 0.0 1.0 0.0 0.0 3.0 0.0
12.009171771907617 0.0 0.0 0.0 1.0 0.0 0.0 3.0 0.0
13.005724932725036 0.0 0.0 0.0 1.0 0.0 0.0 3.0 0.0
14.006576251187 0.0 0.0 0.0 1.0 0.0 0.0 3.0 0.0
15.003959844228705 0.0 0.0 0.0 1.0 0.0 0.0 3.0 0.0
16.009171771907617 0.0 0.0 0.0 1.0 0.0 0.0 3.0 0.0
17.005316092706256 0.0 0.0 0.0 1.0 0.0 0.0 3.0 0.0
18.001785674691394 0.0 0.0 0.0 1.0 0.0 0.0 3.0 0.0
19.006227063767852 0.0 0.0 0.0 1.0 0.0 0.0 3.0 0.0
20.009171771907617 0.0 0.0 0.0 1.0 0.0 0.0 3.0 0.0
21.009171771907617 0.0 0.0 0.0 1.0 0.0 0.0 3.0 0.0
22.008689148740682 0.0 0.0 0.0 1.0 0.0 0.0 3.0 0.0
23.009171771907617 0.0 0.0 0.0 1.0 0.0 0.0 3.0 0.0
24.006952764095498 0.0 0.0 0.0 1.0 0.0 0.0 3.0 0.0
25.006390388101913 0.0 0.0 0.0 1.0 0.0 0.0 3.0 0.0
26.009171771907617 0.0 0.0 0.0 1.0 0.0 0.0 3.0 0.0
27.009171771907617 0.0 0.0 0.0 1.0 0.0 0.0 3.0 0.0
28.009171771907617 0.0 0.0 0.0 1.0 0.0 0.0 3.0 0.0
29.009171771907617 0.0 0.0 0.0 1.0 0.0 0.0 3.0 0.0
30.00748832700163 0.0 0.0 0.0 1.0 0.0 0.0 3.0 0.0
31.008250645446118 0.0 0.0 0.0 1.0 0.0 0.0 3.0 0.0
32.00082152063547 0.0 0.0 0.0 1.0 0.0 0.0 3.0 0.0
33.00917177190762 0.0 0.0 0.0 1.0 0.0 0.0 3.0 0.0
34.00917177190762 0.0 0.0 0.0 1.0 0.0 0.0 3.0 0.0
35.00281159645145 0.0 0.0 0.0 1.0 0.0 0.0 3.0 0.0
36.00917177190762 0.0 0.0 0.0 1.0 0.0 0.0 3.0 0.0
37.005720044634295 0.0 0.0 0.0 1.0 0.0 0.0 3.0 0.0
38.00284465562372 0.0 0.0 0.0 1.0 0.0 0.0 3.0 0.0
39.00917177190762 0.0 0.0 0.0 1.0 0.0 0.0 3.0 0.0
40.00917177190762 0.0 0.0 0.0 1.0 0.0 0.0 3.0 0.0
41.00414164351964 0.0 0.0 0.0 1.0 0.0 0.0 3.0 0.0
42.00917177190762 0.0 0.0 0.0 1.0 0.0 0.0 3.0 0.0
43.00518082705625 0.0 0.0 0.0 1.0 0.0 0.0 3.0 0.0
44.00917177190762 0.0 0.0 0.0 1.0 0.0 0.0 3.0 0.0
45.00917177190762 0.0 0.0 0.0 1.0 0.0 0.0 3.0 0.0
46.00917177190762 0.0 0.0 0.0 1.0 0.0 0.0 3.0 0.0
47.00917177190762 0.0 0.0 0.0 1.0 0.0 0.0 3.0 0.0
48.00917177190762 0.0 0.0 0.0 1.0 0.0 0.0 3.0 0.0
49.00917177190762 0.0 0.0 0.0 1.0 0.0 0.0 3.0 0.0
50.00260256164227 0.0 0.0 0.0 1.0 0.0 0.0 3.0 0.0
51.00917177190762 0.0 0.0 0.0 1.0 0.0 0.0 3.0 0.0
52.00917177190762 0.0 0.0 0.0 1.0 0.0 0.0 3.0 0.0
53.0031626496422 0.0 0.0 0.0 1.0 0.0 0.0 3.0 0.0
54.00917177190762 0.0 0.0 0.0 1.0 0.0 0.0 3.0 0.0
55.0014000005768 0.0 0.0 0.0 1.0 0.0 0.0 3.0 0.0
56.00917177190762 0.0 0.0 0.0 1.0 0.0 0.0 3.0 0.0
57.00917177190762 0.0 0.0 0.0 1.0 0.0 0.0 3.0 0.0
58.00917177190762 0.0 0.0 0.0 1.0 0.0 0.0 3.0 0.0
59.00917177190762 0.0 0.0 0.0 1.0 0.0 0.0 3.0 0.0
60.00917177190762 0.0 0.0 0.0 1.0 0.0 0.0 3.0 0.0
61.00917177190762 0.0 0.0 0.0 1.0 0.0 0.0 3.0 0.0
62.00917177190762 0.0 0.0 0.0 1.0 0.0 0.0 3.0 0.0
63.0047780012353 0.0 0.0 0.0 1.0 0.0 0.0 3.0 0.0
64.00917177190762 0.0 0.0 0.0 1.0 0.0 0.0 3.0 0.0
65.00014498006237 0.0 0.0 0.0 1.0 0.0 0.0 3.0 0.0
66.00917177190762 0.0 0.0 0.0 1.0 0.0 0.0 3.0 0.0
67.00917177190762 0.0 0.0 0.0 1.0 0.0 0.0 3.0 0.0
68.0050945801732 0.0 0.0 0.0 1.0 0.0 0.0 3.0 0.0
69.00917177190762 0.0 0.0 0.0 1.0 0.0 0.0 3.0 0.0
70.00005900816582 0.0 0.0 0.0 1.0 0.0 0.0 3.0 0.0
71.00917177190762 0.0 0.0 0.0 1.0 0.0 0.0 3.0 0.0
72.00012520726482 0.0 0.0 0.0 1.0 0.0 0.0 3.0 0.0
73.00917177190762 0.0 0.0 0.0 1.0 0.0 0.0 3.0 0.0
74.00917177190762 0.0 0.0 0.0 1.0 0.0 0.0 3.0 0.0
75.00853396028883 0.0 0.0 0.0 1.0 0.0 0.0 3.0 0.0
76.00917177190762 0.0 0.0 0.0 1.0 0.0 0.0 3.0 0.0
77.00917177190762 0.0 0.0 0.0 1.0 0.0 0.0 3.0 0.0
78.00917177190762 0.0 0.0 0.0 1.0 0.0 0.0 3.0 0.0
79.00917177190762 0.0 0.0 0.0 1.0 0.0 0.0 3.0 0.0
80.00917177190762 0.0 0.0 0.0 1.0 0.0 0.0 3.0 0.0
81.00917177190762 0.0 0.0 0.0 1.0 0.0 0.0 3.0 0.0
82.00917177190762 0.0 0.0 0.0 1.0 0.0 0.0 3.0 0.0
83.00153070965483 0.0 0.0 0.0 1.0 0.0 0.0 3.0 0.0
84.00917177190762 0.0 0.0 0.0 1.0 0.0 0.0 3.0 0.0
85.00917177190762 0.0 0.0 0.0 1.0 0.0 0.0 3.0 0.0
86.00917177190762 0.0 0.0 0.0 1.0 0.0 0.0 3.0 0.0
87.00917177190762 0.0 0.0 0.0 1.0 0.0 0.0 3.0 0.0
88.00917177190762 0.0 0.0 0.0 1.0 0.0 0.0 3.0 0.0
89.00917177190762 0.0 0.0 0.0 1.0 0.0 0.0 3.0 0.0
90.00917177190762 0.0 0.0 0.0 1.0 0.0 0.0 3.0 0.0
91.00917177190762 0.0 0.0 0.0 1.0 0.0 0.0 3.0 0.0
92.00506754196303 0.0 0.0 0.0 1.0 0.0 0.0 3.0 0.0
93.00917177190762 0.0 0.0 0.0 1.0 0.0 0.0 3.0 0.0
94.00508583714397 0.0 0.0 0.0 1.0 0.0 0.0 3.0 0.0
95.00917177190762 0.0 0.0 0.0 1.0 0.0 0.0 3.0 0.0
96.00917177190762 0.0 0.0 0.0 1.0 0.0 0.0 3.0 0.0
97.00494629527888 0.0 0.0 0.0 1.0 0.0 0.0 3.0 0.0
98.00917177190762 0.0 0.0 0.0 1.0 0.0 0.0 3.0 0.0
99.00917177190762 0.0 0.0 0.0 1.0 0.0 0.0 3.0 0.0
100.00917177190762 0.0 0.0 0.0 1.0 0.0 0.0 3.0 0.0
101.00917177190762 0.0 0.0 0.0 1.0 0.0 0.0 3.0 0.0
102.00528986763962 0.0 0.0 0.0 1.0 0.0 0.0 3.0 0.0
103.00917177190762 0.0 0.0 0.0 1.0 0.0 0.0 3.0 0.0
104.00917177190762 0.0 0.0 0.0 1.0 0.0 0.0 3.0 0.0
105.00324966365936 0.0 0.0 0.0 1.0 0.0 0.0 3.0 0.0
106.00917177190762 0.0 0.0 0.0 1.0 0.0 0.0 3.0 0.0
107.00489190598981 0.0 0.0 0.0 1.0 0.0 0.0 3.0 0.0
108.00917177190762 0.0 0.0 0.0 1.0 0.0 0.0 3.0 0.0
109.00794570232817 0.0 0.0 0.0 1.0 0.0 0.0 3.0 0.0
110.00250851283657 0.0 0.0 0.0 1.0 0.0 0.0 3.0 0.0
111.00289288806972 0.0 0.0 0.0 1.0 0.0 0.0 3.0 0.0
112.00917177190762 0.0 0.0 0.0 1.0 0.0 0.0 3.0 0.0
113.00917177190762 0.0 0.0 0.0 1.0 0.0 0.0 3.0 0.0
114.00917177190762 0.0 0.0 0.0 1.0 0.0 0.0 3.0 0.0
115.00917177190762 0.0 0.0 0.0 1.0 0.0 0.0 3.0 0.0
116.00917177190762 0.0 0.0 0.0 1.0 0.0 0.0 3.0 0.0
117.00917177190762 0.0 0.0 0.0 1.0 0.0 0.0 3.0 0.0
118.00917177190762 0.0 0.0 0.0 1.0 0.0 0.0 3.0 0.0
119.00917177190762 0.0 0.0 0.0 1.0 0.0 0.0 3.0 0.0
120.00917177190762 0.0 0.0 0.0 1.0 0.0 0.0 3.0 0.0
121.0022132842677 0.0 0.0 0.0 1.0 0.0 0.0 3.0 0.0
122.00917177190762 0.0 0.0 0.0 1.0 0.0 0.0 3.0 0.0
123.00917177190762 0.0 0.0 0.0 1.0 0.0 0.0 3.0 0.0
124.00917177190762 0.0 0.0 0.0 1.0 0.0 0.0 3.0 0.0
125.00917177190762 0.0 0.0 0.0 1.0 0.0 0.0 3.0 0.0
126.00917177190762 0.0 0.0 0.0 1.0 0.0 0.0 3.0 0.0
127.00099282352323 0.0 0.0 0.0 1.0 0.0 0.0 3.0 0.0
128.00917177190763 0.0 0.0 0.0 1.0 0.0 0.0 3.0 0.0
129.00917177190763 0.0 0.0 0.0 1.0 0.0 0.0 3.0 0.0
130.00224293008583 0.0 0.0 0.0 1.0 0.0 0.0 3.0 0.0
131.00917177190763 0.0 0.0 0.0 1.0 0.0 0.0 3.0 0.0
132.00917177190763 0.0 0.0 0.0 1.0 0.0 0.0 3.0 0.0
133.00917177190763 0.0 0.0 0.0 1.0 0.0 0.0 3.0 0.0
134.00305653905025 0.0 0.0 0.0 1.0 0.0 0.0 3.0 0.0
135.00917177190763 0.0 0.0 0.0 1.0 0.0 0.0 3.0 0.0
136.00917177190763 0.0 0.0 0.0 1.0 0.0 0.0 3.0 0.0
137.0090251275434 0.0 0.0 0.0 1.0 0.0 0.0 3.0 0.0
138.00917177190763 0.0 0.0 0.0 1.0 0.0 0.0 3.0 0.0
139.00505271272436 0.0 0.0 0.0 1.0 0.0 0.0 3.0 0.0
140.00917177190763 0.0 0.0 0.0 1.0 0.0 0.0 3.0 0.0
141.00917177190763 0.0 0.0 0.0 1.0 0.0 0.0 3.0 0.0
142.0039838216053 0.0 0.0 0.0 1.0 0.0 0.0 3.0 0.0
143.0058100241617 0.0 0.0 0.0 1.0 0.0 0.0 3.0 0.0
144.00917177190763 0.0 0.0 0.0 1.0 0.0 0.0 3.0 0.0
145.00917177190763 0.0 0.0 0.0 1.0 0.0 0.0 3.0 0.0
146.00917177190763 0.0 0.0 0.0 1.0 0.0 0.0 3.0 0.0
147.00917177190763 0.0 0.0 0.0 1.0 0.0 0.0 3.0 0.0
148.00917177190763 0.0 0.0 0.0 1.0 0.0 0.0 3.0 0.0
149.00917177190763 0.0 0.0 0.0 1.0 0.0 0.0 3.0 0.0
150.00917177190763 0.0 0.0 0.0 1.0 0.0 0.0 3.0 0.0
151.00917177190763 0.0 0.0 0.0 1.0 0.0 0.0 3.0 0.0
152.00917177190763 0.0 0.0 0.0 1.0 0.0 0.0 3.0 0.0
153.00917177190763 0.0 0.0 0.0 1.0 0.0 0.0 3.0 0.0
154.00917177190763 0.0 0.0 0.0 1.0 0.0 0.0 3.0 0.0
155.00084019727663 0.0 0.0 0.0 1.0 0.0 0.0 3.0 0.0
156.00767304458967 0.0 0.0 0.0 1.0 0.0 0.0 3.0 0.0
157.00043436508392 0.0 0.0 0.0 1.0 0.0 0.0 3.0 0.0
158.00503208009442 0.0 0.0 0.0 1.0 0.0 0.0 3.0 0.0
159.00917177190763 0.0 0.0 0.0 1.0 0.0 0.0 3.0 0.0
160.00917177190763 0.0 0.0 0.0 1.0 0.0 0.0 3.0 0.0
161.00917177190763 0.0 0.0 0.0 1.0 0.0 0.0 3.0 0.0
162.00917177190763 0.0 0.0 0.0 1.0 0.0 0.0 3.0 0.0
163.00917177190763 0.0 0.0 0.0 1.0 0.0 0.0 3.0 0.0
164.00917177190763 0.0 0.0 0.0 1.0 0.0 0.0 3.0 0.0
165.00033432537975 0.0 0.0 0.0 1.0 0.0 0.0 3.0 0.0
166.00196593139933 0.0 0.0 0.0 1.0 0.0 0.0 3.0 0.0
167.00917177190763 0.0 0.0 0.0 1.0 0.0 0.0 3.0 0.0
168.00917177190763 0.0 0.0 0.0 1.0 0.0 0.0 3.0 0.0
169.00586535149958 0.0 0.0 0.0 1.0 0.0 0.0 3.0 0.0
170.00917177190763 0.0 0.0 0.0 1.0 0.0 0.0 3.0 0.0
171.00917177190763 0.0 0.0 0.0 1.0 0.0 0.0 3.0 0.0
172.00917177190763 0.0 0.0 0.0 1.0 0.0 0.0 3.0 0.0
173.00917177190763 0.0 0.0 0.0 1.0 0.0 0.0 3.0 0.0
174.00917177190763 0.0 0.0 0.0 1.0 0.0 0.0 3.0 0.0
175.00917177190763 0.0 0.0 0.0 1.0 0.0 0.0 3.0 0.0
176.00917177190763 0.0 0.0 0.0 1.0 0.0 0.0 3.0 0.0
177.00917177190763 0.0 0.0 0.0 1.0 0.0 0.0 3.0 0.0
178.00917177190763 0.0 0.0 0.0 1.0 0.0 0.0 3.0 0.0
179.00917177190763 0.0 0.0 0.0 1.0 0.0 0.0 3.0 0.0
180.00917177190763 0.0 0.0 0.0 1.0 0.0 0.0 3.0 0.0
181.00093856419173 0.0 0.0 0.0 1.0 0.0 0.0 3.0 0.0
182.00917177190763 0.0 0.0 0.0 1.0 0.0 0.0 3.0 0.0
183.00917177190763 0.0 0.0 0.0 1.0 0.0 0.0 3.0 0.0
184.00917177190763 0.0 0.0 0.0 1.0 0.0 0.0 3.0 0.0
185.00917177190763 0.0 0.0 0.0 1.0 0.0 0.0 3.0 0.0
186.00917177190763 0.0 0.0 0.0 1.0 0.0 0.0 3.0 0.0
187.00917177190763 0.0 0.0 0.0 1.0 0.0 0.0 3.0 0.0
188.00917177190763 0.0 0.0 0.0 1.0 0.0 0.0 3.0 0.0
189.00307526864876 0.0 0.0 0.0 1.0 0.0 0.0 3.0 0.0
190.00917177190763 0.0 0.0 0.0 1.0 0.0 0.0 3.0 0.0
191.00917177190763 0.0 0.0 0.0 1.0 0.0 0.0 3.0 0.0
192.00917177190763 0.0 0.0 0.0 1.0 0.0 0.0 3.0 0.0
193.00917177190763 0.0 0.0 0.0 1.0 0.0 0.0 3.0 0.0
194.00705862177682 0.0 0.0 0.0 1.0 0.0 0.0 3.0 0.0
195.00917177190763 0.0 0.0 0.0 1.0 0.0 0.0 3.0 0.0
196.00917177190763 0.0 0.0 0.0 1.0 0.0 0.0 3.0 0.0
197.00917177190763 0.0 0.0 0.0 1.0 0.0 0.0 3.0 0.0
198.001791647525 0.0 0.0 0.0 1.0 0.0 0.0 3.0 0.0
199.00917177190763 0.0 0.0 0.0 1.0 0.0 0.0 3.0 0.0
200.00917177190763 0.0 0.0 0.0 1.0 0.0 0.0 3.0 0.0
201.00917177190763 0.0 0.0 0.0 1.0 0.0 0.0 3.0 0.0
202.00400293503824 0.0 0.0 0.0 1.0 0.0 0.0 3.0 0.0
203.00917177190763 0.0 0.0 0.0 1.0 0.0 0.0 3.0 0.0
204.00917177190763 0.0 0.0 0.0 1.0 0.0 0.0 3.0 0.0
205.00917177190763 0.0 0.0 0.0 1.0 0.0 0.0 3.0 0.0
206.00917177190763 0.0 0.0 0.0 1.0 0.0 0.0 3.0 0.0
207.00917177190763 0.0 0.0 0.0 1.0 0.0 0.0 3.0 0.0
208.00917177190763 0.0 0.0 0.0 1.0 0.0 0.0 3.0 0.0
209.00917177190763 0.0 0.0 0.0 1.0 0.0 0.0 3.0 0.0
210.00917177190763 0.0 0.0 0.0 1.0 0.0 0.0 3.0 0.0
211.00917177190763 0.0 0.0 0.0 1.0 0.0 0.0 3.0 0.0
212.00917177190763 0.0 0.0 0.0 1.0 0.0 0.0 3.0 0.0
213.00673204761733 0.0 0.0 0.0 1.0 0.0 0.0 3.0 0.0
214.00917177190763 0.0 0.0 0.0 1.0 0.0 0.0 3.0 0.0
215.00917177190763 0.0 0.0 0.0 1.0 0.0 0.0 3.0 0.0
216.00917177190763 0.0 0.0 0.0 1.0 0.0 0.0 3.0 0.0
217.00543810352477 0.0 0.0 0.0 1.0 0.0 0.0 3.0 0.0
218.00917177190763 0.0 0.0 0.0 1.0 0.0 0.0 3.0 0.0
219.00917177190763 0.0 0.0 0.0 1.0 0.0 0.0 3.0 0.0
220.00917177190763 0.0 0.0 0.0 1.0 0.0 0.0 3.0 0.0
221.00917177190763 0.0 0.0 0.0 1.0 0.0 0.0 3.0 0.0
222.00917177190763 0.0 0.0 0.0 1.0 0.0 0.0 3.0 0.0
223.00917177190763 0.0 0.0 0.0 1.0 0.0 0.0 3.0 0.0
224.00917177190763 0.0 0.0 0.0 1.0 0.0 0.0 3.0 0.0
225.00917177190763 0.0 0.0 0.0 1.0 0.0 0.0 3.0 0.0
226.00210419084934 0.0 0.0 0.0 1.0 0.0 0.0 3.0 0.0
227.0069874226088 0.0 0.0 0.0 1.0 0.0 0.0 3.0 0.0
228.00917177190763 0.0 0.0 0.0 1.0 0.0 0.0 3.0 0.0
229.00917177190763 0.0 0.0 0.0 1.0 0.0 0.0 3.0 0.0
230.00917177190763 0.0 0.0 0.0 1.0 0.0 0.0 3.0 0.0
231.00917177190763 0.0 0.0 0.0 1.0 0.0 0.0 3.0 0.0
232.0026517023057 0.0 0.0 0.0 1.0 0.0 0.0 3.0 0.0
233.00917177190763 0.0 0.0 0.0 1.0 0.0 0.0 3.0 0.0
234.00917177190763 0.0 0.0 0.0 1.0 0.0 0.0 3.0 0.0
235.00917177190763 0.0 0.0 0.0 1.0 0.0 0.0 3.0 0.0
236.0010122592911 0.0 0.0 0.0 1.0 0.0 0.0 3.0 0.0
237.0012372641513 0.0 0.0 0.0 1.0 0.0 0.0 3.0 0.0
238.00917177190763 0.0 0.0 0.0 1.0 0.0 0.0 3.0 0.0
239.00596409063218 0.0 0.0 0.0 1.0 0.0 0.0 3.0 0.0
240.00917177190763 0.0 0.0 0.0 1.0 0.0 0.0 3.0 0.0
241.00099198286483 0.0 0.0 0.0 1.0 0.0 0.0 3.0 0.0
242.00917177190763 0.0 0.0 0.0 1.0 0.0 0.0 3.0 0.0
243.00917177190763 0.0 0.0 0.0 1.0 0.0 0.0 3.0 0.0
244.00079619106324 0.0 0.0 0.0 1.0 0.0 0.0 3.0 0.0
245.00917177190763 0.0 0.0 0.0 1.0 0.0 0.0 3.0 0.0
246.00351775520923 0.0 0.0 0.0 1.0 0.0 0.0 3.0 0.0
247.00337312534603 0.0 0.0 0.0 1.0 0.0 0.0 3.0 0.0
248.00917177190763 0.0 0.0 0.0 1.0 0.0 0.0 3.0 0.0
249.00917177190763 0.0 0.0 0.0 1.0 0.0 0.0 3.0 0.0
250.00466748974597 0.0 0.0 0.0 1.0 0.0 0.0 3.0 0.0
251.00290135146045 0.0 0.0 0.0 1.0 0.0 0.0 3.0 0.0
252.00910183421823 0.0 0.0 0.0 1.0 0.0 0.0 3.0 0.0
253.00917177190763 0.0 0.0 0.0 1.0 0.0 0.0 3.0 0.0
254.00917177190763 0.0 0.0 0.0 1.0 0.0 0.0 3.0 0.0
255.00917177190763 0.0 0.0 0.0 1.0 0.0 0.0 3.0 0.0
256.00917177190763 0.0 0.0 0.0 1.0 0.0 0.0 3.0 0.0
257.00917177190763 0.0 0.0 0.0 1.0 0.0 0.0 3.0 0.0
258.00917177190763 0.0 0.0 0.0 1.0 0.0 0.0 3.0 0.0
259.00917177190763 0.0 0.0 0.0 1.0 0.0 0.0 3.0 0.0
260.00917177190763 0.0 0.0 0.0 1.0 0.0 0.0 3.0 0.0
261.00917177190763 0.0 0.0 0.0 1.0 0.0 0.0 3.0 0.0
262.0084549386579 0.0 0.0 0.0 1.0 0.0 0.0 3.0 0.0
263.00917177190763 0.0 0.0 0.0 1.0 0.0 0.0 3.0 0.0
264.00917177190763 0.0 0.0 0.0 1.0 0.0 0.0 3.0 0.0
265.00917177190763 0.0 0.0 0.0 1.0 0.0 0.0 3.0 0.0
266.00917177190763 0.0 0.0 0.0 1.0 0.0 0.0 3.0 0.0
267.00917177190763 0.0 0.0 0.0 1.0 0.0 0.0 3.0 0.0
268.00917177190763 0.0 0.0 0.0 1.0 0.0 0.0 3.0 0.0
269.00917177190763 0.0 0.0 0.0 1.0 0.0 0.0 3.0 0.0
270.00342547105333 0.0 0.0 0.0 1.0 0.0 0.0 3.0 0.0
271.0017441104381 0.0 0.0 0.0 1.0 0.0 0.0 3.0 0.0
272.00917177190763 0.0 0.0 0.0 1.0 0.0 0.0 3.0 0.0
273.00917177190763 0.0 0.0 0.0 1.0 0.0 0.0 3.0 0.0
274.00718864040067 0.0 0.0 0.0 1.0 0.0 0.0 3.0 0.0
275.00917177190763 0.0 0.0 0.0 1.0 0.0 0.0 3.0 0.0
276.00917177190763 0.0 0.0 0.0 1.0 0.0 0.0 3.0 0.0
277.00917177190763 0.0 0.0 0.0 1.0 0.0 0.0 3.0 0.0
278.00917177190763 0.0 0.0 0.0 1.0 0.0 0.0 3.0 0.0
279.00917177190763 0.0 0.0 0.0 1.0 0.0 0.0 3.0 0.0
280.00917177190763 0.0 0.0 0.0 1.0 0.0 0.0 3.0 0.0
281.00917177190763 0.0 0.0 0.0 1.0 0.0 0.0 3.0 0.0
282.00917177190763 0.0 0.0 0.0 1.0 0.0 0.0 3.0 0.0
283.00917177190763 0.0 0.0 0.0 1.0 0.0 0.0 3.0 0.0
284.00917177190763 0.0 0.0 0.0 1.0 0.0 0.0 3.0 0.0
285.00917177190763 0.0 0.0 0.0 1.0 0.0 0.0 3.0 0.0
286.00917177190763 0.0 0.0 0.0 1.0 0.0 0.0 3.0 0.0
287.00917177190763 0.0 0.0 0.0 1.0 0.0 0.0 3.0 0.0
288.00917177190763 0.0 0.0 0.0 1.0 0.0 0.0 3.0 0.0
289.00917177190763 0.0 0.0 0.0 1.0 0.0 0.0 3.0 0.0
290.0017687225379 0.0 0.0 0.0 1.0 0.0 0.0 3.0 0.0
291.00024469893424 0.0 0.0 0.0 1.0 0.0 0.0 3.0 0.0
292.00917177190763 0.0 0.0 0.0 1.0 0.0 0.0 3.0 0.0
293.00917177190763 0.0 0.0 0.0 1.0 0.0 0.0 3.0 0.0
294.00308970412095 0.0 0.0 0.0 1.0 0.0 0.0 3.0 0.0
295.00609312976127 0.0 0.0 0.0 1.0 0.0 0.0 3.0 0.0
296.00917177190763 0.0 0.0 0.0 1.0 0.0 0.0 3.0 0.0
297.00917177190763 0.0 0.0 0.0 1.0 0.0 0.0 3.0 0.0
298.00917177190763 0.0 0.0 0.0 1.0 0.0 0.0 3.0 0.0
299.00917177190763 0.0 0.0 0.0 1.0 0.0 0.0 3.0 0.0
300.00917177190763 0.0 0.0 0.0 1.0 0.0 0.0 3.0 0.0
301.00917177190763 0.0 0.0 0.0 1.0 0.0 0.0 3.0 0.0
302.00917177190763 0.0 0.0 0.0 1.0 0.0 0.0 3.0 0.0
303.00917177190763 0.0 0.0 0.0 1.0 0.0 0.0 3.0 0.0
304.00917177190763 0.0 0.0 0.0 1.0 0.0 0.0 3.0 0.0
305.00917177190763 0.0 0.0 0.0 1.0 0.0 0.0 3.0 0.0
306.00917177190763 0.0 0.0 0.0 1.0 0.0 0.0 3.0 0.0
307.00917177190763 0.0 0.0 0.0 1.0 0.0 0.0 3.0 0.0
308.00917177190763 0.0 0.0 0.0 1.0 0.0 0.0 3.0 0.0
309.00917177190763 0.0 0.0 0.0 1.0 0.0 0.0 3.0 0.0
310.00917177190763 0.0 0.0 0.0 1.0 0.0 0.0 3.0 0.0
311.00917177190763 0.0 0.0 0.0 1.0 0.0 0.0 3.0 0.0
312.00917177190763 0.0 0.0 0.0 1.0 0.0 0.0 3.0 0.0
313.00917177190763 0.0 0.0 0.0 1.0 0.0 0.0 3.0 0.0
314.00917177190763 0.0 0.0 0.0 1.0 0.0 0.0 3.0 0.0
315.00917177190763 0.0 0.0 0.0 1.0 0.0 0.0 3.0 0.0
316.00917177190763 0.0 0.0 0.0 1.0 0.0 0.0 3.0 0.0
317.00917177190763 0.0 0.0 0.0 1.0 0.0 0.0 3.0 0.0
318.00917177190763 0.0 0.0 0.0 1.0 0.0 0.0 3.0 0.0
319.0020943789451 0.0 0.0 0.0 1.0 0.0 0.0 3.0 0.0
320.00917177190763 0.0 0.0 0.0 1.0 0.0 0.0 3.0 0.0
321.00917177190763 0.0 0.0 0.0 1.0 0.0 0.0 3.0 0.0
322.00672047859547 0.0 0.0 0.0 1.0 0.0 0.0 3.0 0.0
323.00917177190763 0.0 0.0 0.0 1.0 0.0 0.0 3.0 0.0
324.00917177190763 0.0 0.0 0.0 1.0 0.0 0.0 3.0 0.0
325.00917177190763 0.0 0.0 0.0 1.0 0.0 0.0 3.0 0.0
326.00917177190763 0.0 0.0 0.0 1.0 0.0 0.0 3.0 0.0
327.00851309701017 0.0 0.0 0.0 1.0 0.0 0.0 3.0 0.0
328.00917177190763 0.0 0.0 0.0 1.0 0.0 0.0 3.0 0.0
329.00917177190763 0.0 0.0 0.0 1.0 0.0 0.0 3.0 0.0
330.00917177190763 0.0 0.0 0.0 1.0 0.0 0.0 3.0 0.0
331.00917177190763 0.0 0.0 0.0 1.0 0.0 0.0 3.0 0.0
332.0077426161422 0.0 0.0 0.0 1.0 0.0 0.0 3.0 0.0
333.00917177190763 0.0 0.0 0.0 1.0 0.0 0.0 3.0 0.0
334.00332718874336 0.0 0.0 0.0 1.0 0.0 0.0 3.0 0.0
335.00917177190763 0.0 0.0 0.0 1.0 0.0 0.0 3.0 0.0
336.00917177190763 0.0 0.0 0.0 1.0 0.0 0.0 3.0 0.0
337.0060167402768 0.0 0.0 0.0 1.0 0.0 0.0 3.0 0.0
338.00917177190763 0.0 0.0 0.0 1.0 0.0 0.0 3.0 0.0
339.00917177190763 0.0 0.0 0.0 1.0 0.0 0.0 3.0 0.0
340.00917177190763 0.0 0.0 0.0 1.0 0.0 0.0 3.0 0.0
341.00917177190763 0.0 0.0 0.0 1.0 0.0 0.0 3.0 0.0
342.0059065148648 0.0 0.0 0.0 1.0 0.0 0.0 3.0 0.0
343.00917177190763 0.0 0.0 0.0 1.0 0.0 0.0 3.0 0.0
344.00917177190763 0.0 0.0 0.0 1.0 0.0 0.0 3.0 0.0
345.00917177190763 0.0 0.0 0.0 1.0 0.0 0.0 3.0 0.0
346.00513385032804 0.0 0.0 0.0 1.0 0.0 0.0 3.0 0.0
347.00917177190763 0.0 0.0 0.0 1.0 0.0 0.0 3.0 0.0
348.00917177190763 0.0 0.0 0.0 1.0 0.0 0.0 3.0 0.0
349.00917177190763 0.0 0.0 0.0 1.0 0.0 0.0 3.0 0.0
350.00917177190763 0.0 0.0 0.0 1.0 0.0 0.0 3.0 0.0
351.00917177190763 0.0 0.0 0.0 1.0 0.0 0.0 3.0 0.0
352.00917177190763 0.0 0.0 0.0 1.0 0.0 0.0 3.0 0.0
353.00917177190763 0.0 0.0 0.0 1.0 0.0 0.0 3.0 0.0
354.00917177190763 0.0 0.0 0.0 1.0 0.0 0.0 3.0 0.0
355.00917177190763 0.0 0.0 0.0 1.0 0.0 0.0 3.0 0.0
356.00730593104646 0.0 0.0 0.0 1.0 0.0 0.0 3.0 0.0
357.0083684479626 0.0 0.0 0.0 1.0 0.0 0.0 3.0 0.0
358.00917177190763 0.0 0.0 0.0 1.0 0.0 0.0 3.0 0.0
359.00917177190763 0.0 0.0 0.0 1.0 0.0 0.0 3.0 0.0
360.00917177190763 0.0 0.0 0.0 1.0 0.0 0.0 3.0 0.0
361.00383502353606 0.0 0.0 0.0 1.0 0.0 0.0 3.0 0.0
362.00917177190763 0.0 0.0 0.0 1.0 0.0 0.0 3.0 0.0
363.00917177190763 0.0 0.0 0.0 1.0 0.0 0.0 3.0 0.0
364.00917177190763 0.0 0.0 0.0 1.0 0.0 0.0 3.0 0.0
365.00917177190763 0.0 0.0 0.0 1.0 0.0 0.0 3.0 0.0
366.00917177190763 0.0 0.0 0.0 1.0 0.0 0.0 3.0 0.0
367.00917177190763 0.0 0.0 0.0 1.0 0.0 0.0 3.0 0.0
368.00917177190763 0.0 0.0 0.0 1.0 0.0 0.0 3.0 0.0
369.00011726646875 0.0 0.0 0.0 1.0 0.0 0.0 3.0 0.0
370.00549464040216 0.0 0.0 0.0 1.0 0.0 0.0 3.0 0.0
371.00917177190763 0.0 0.0 0.0 1.0 0.0 0.0 3.0 0.0
372.00917177190763 0.0 0.0 0.0 1.0 0.0 0.0 3.0 0.0
373.00917177190763 0.0 0.0 0.0 1.0 0.0 0.0 3.0 0.0
374.00917177190763 0.0 0.0 0.0 1.0 0.0 0.0 3.0 0.0
375.00917177190763 0.0 0.0 0.0 1.0 0.0 0.0 3.0 0.0
376.00917177190763 0.0 0.0 0.0 1.0 0.0 0.0 3.0 0.0
377.00917177190763 0.0 0.0 0.0 1.0 0.0 0.0 3.0 0.0
378.00917177190763 0.0 0.0 0.0 1.0 0.0 0.0 3.0 0.0
379.0029051154198 0.0 0.0 0.0 1.0 0.0 0.0 3.0 0.0
380.0062468278451 0.0 0.0 0.0 1.0 0.0 0.0 3.0 0.0
381.00917177190763 0.0 0.0 0.0 1.0 0.0 0.0 3.0 0.0
382.00917177190763 0.0 0.0 0.0 1.0 0.0 0.0 3.0 0.0
383.00917177190763 0.0 0.0 0.0 1.0 0.0 0.0 3.0 0.0
384.00917177190763 0.0 0.0 0.0 1.0 0.0 0.0 3.0 0.0
385.00917177190763 0.0 0.0 0.0 1.0 0.0 0.0 3.0 0.0
386.00917177190763 0.0 0.0 0.0 1.0 0.0 0.0 3.0 0.0
387.007028113729 0.0 0.0 0.0 1.0 0.0 0.0 3.0 0.0
388.00917177190763 0.0 0.0 0.0 1.0 0.0 0.0 3.0 0.0
389.00917177190763 0.0 0.0 0.0 1.0 0.0 0.0 3.0 0.0
390.00917177190763 0.0 0.0 0.0 1.0 0.0 0.0 3.0 0.0
391.00917177190763 0.0 0.0 0.0 1.0 0.0 0.0 3.0 0.0
392.0087644444822 0.0 0.0 0.0 1.0 0.0 0.0 3.0 0.0
393.0004480232901 0.0 0.0 0.0 1.0 0.0 0.0 3.0 0.0
394.00917177190763 0.0 0.0 0.0 1.0 0.0 0.0 3.0 0.0
395.0021468541869 0.0 0.0 0.0 1.0 0.0 0.0 3.0 0.0
396.00917177190763 0.0 0.0 0.0 1.0 0.0 0.0 3.0 0.0
397.00917177190763 0.0 0.0 0.0 1.0 0.0 0.0 3.0 0.0
398.00917177190763 0.0 0.0 0.0 1.0 0.0 0.0 3.0 0.0
399.00917177190763 0.0 0.0 0.0 1.0 0.0 0.0 3.0 0.0
400.00917177190763 0.0 0.0 0.0 1.0 0.0 0.0 3.0 0.0
401.0002014340365 0.0 0.0 0.0 1.0 0.0 0.0 3.0 0.0
402.00917177190763 0.0 0.0 0.0 1.0 0.0 0.0 3.0 0.0
403.00917177190763 0.0 0.0 0.0 1.0 0.0 0.0 3.0 0.0
404.00917177190763 0.0 0.0 0.0 1.0 0.0 0.0 3.0 0.0
405.00917177190763 0.0 0.0 0.0 1.0 0.0 0.0 3.0 0.0
406.0065933786048 0.0 0.0 0.0 1.0 0.0 0.0 3.0 0.0
407.0004650681991 0.0 0.0 0.0 1.0 0.0 0.0 3.0 0.0
408.00759784536007 0.0 0.0 0.0 1.0 0.0 0.0 3.0 0.0
409.00917177190763 0.0 0.0 0.0 1.0 0.0 0.0 3.0 0.0
410.0034044427442 0.0 0.0 0.0 1.0 0.0 0.0 3.0 0.0
411.00917177190763 0.0 0.0 0.0 1.0 0.0 0.0 3.0 0.0
412.00917177190763 0.0 0.0 0.0 1.0 0.0 0.0 3.0 0.0
413.00917177190763 0.0 0.0 0.0 1.0 0.0 0.0 3.0 0.0
414.00009120859534 0.0 0.0 0.0 1.0 0.0 0.0 3.0 0.0
415.0083236390474 0.0 0.0 0.0 1.0 0.0 0.0 3.0 0.0
416.00917177190763 0.0 0.0 0.0 1.0 0.0 0.0 3.0 0.0
417.00880000640046 0.0 0.0 0.0 1.0 0.0 0.0 3.0 0.0
418.00917177190763 0.0 0.0 0.0 1.0 0.0 0.0 3.0 0.0
419.00917177190763 0.0 0.0 0.0 1.0 0.0 0.0 3.0 0.0
420.00917177190763 0.0 0.0 0.0 1.0 0.0 0.0 3.0 0.0
421.00917177190763 0.0 0.0 0.0 1.0 0.0 0.0 3.0 0.0
422.00917177190763 0.0 0.0 0.0 1.0 0.0 0.0 3.0 0.0
423.00917177190763 0.0 0.0 0.0 1.0 0.0 0.0 3.0 0.0
424.00917177190763 0.0 0.0 0.0 1.0 0.0 0.0 3.0 0.0
425.00917177190763 0.0 0.0 0.0 1.0 0.0 0.0 3.0 0.0
426.00917177190763 0.0 0.0 0.0 1.0 0.0 0.0 3.0 0.0
427.0017569887445 0.0 0.0 0.0 1.0 0.0 0.0 3.0 0.0
428.00460994168986 0.0 0.0 0.0 1.0 0.0 0.0 3.0 0.0
429.00917177190763 0.0 0.0 0.0 1.0 0.0 0.0 3.0 0.0
430.00917177190763 0.0 0.0 0.0 1.0 0.0 0.0 3.0 0.0
431.00917177190763 0.0 0.0 0.0 1.0 0.0 0.0 3.0 0.0
432.0001541137427 0.0 0.0 0.0 1.0 0.0 0.0 3.0 0.0
433.00588806828983 0.0 0.0 0.0 1.0 0.0 0.0 3.0 0.0
434.00629835718104 0.0 0.0 0.0 1.0 0.0 0.0 3.0 0.0
435.00917177190763 0.0 0.0 0.0 1.0 0.0 0.0 3.0 0.0
436.00917177190763 0.0 0.0 0.0 1.0 0.0 0.0 3.0 0.0
437.00917177190763 0.0 0.0 0.0 1.0 0.0 0.0 3.0 0.0
438.00917177190763 0.0 0.0 0.0 1.0 0.0 0.0 3.0 0.0
439.00917177190763 0.0 0.0 0.0 1.0 0.0 0.0 3.0 0.0
440.00917177190763 0.0 0.0 0.0 1.0 0.0 0.0 3.0 0.0
441.0022631088594 0.0 0.0 0.0 1.0 0.0 0.0 3.0 0.0
442.00115320866956 0.0 0.0 0.0 1.0 0.0 0.0 3.0 0.0
443.00917177190763 0.0 0.0 0.0 1.0 0.0 0.0 3.0 0.0
444.00917177190763 0.0 0.0 0.0 1.0 0.0 0.0 3.0 0.0
445.00917177190763 0.0 0.0 0.0 1.0 0.0 0.0 3.0 0.0
446.00917177190763 0.0 0.0 0.0 1.0 0.0 0.0 3.0 0.0
447.0006317251111 0.0 0.0 0.0 1.0 0.0 0.0 3.0 0.0
448.00917177190763 0.0 0.0 0.0 1.0 0.0 0.0 3.0 0.0
449.00917177190763 0.0 0.0 0.0 1.0 0.0 0.0 3.0 0.0
450.00917177190763 0.0 0.0 0.0 1.0 0.0 0.0 3.0 0.0
451.00917177190763 0.0 0.0 0.0 1.0 0.0 0.0 3.0 0.0
452.00917177190763 0.0 0.0 0.0 1.0 0.0 0.0 3.0 0.0
453.00897316924613 0.0 0.0 0.0 1.0 0.0 0.0 3.0 0.0
454.00917177190763 0.0 0.0 0.0 1.0 0.0 0.0 3.0 0.0
455.00917177190763 0.0 0.0 0.0 1.0 0.0 0.0 3.0 0.0
456.00917177190763 0.0 0.0 0.0 1.0 0.0 0.0 3.0 0.0
457.00917177190763 0.0 0.0 0.0 1.0 0.0 0.0 3.0 0.0
458.00917177190763 0.0 0.0 0.0 1.0 0.0 0.0 3.0 0.0
459.00917177190763 0.0 0.0 0.0 1.0 0.0 0.0 3.0 0.0
460.0024486394723 0.0 0.0 0.0 1.0 0.0 0.0 3.0 0.0
461.00917177190763 0.0 0.0 0.0 1.0 0.0 0.0 3.0 0.0
462.00917177190763 0.0 0.0 0.0 1.0 0.0 0.0 3.0 0.0
463.0003772484743 0.0 0.0 0.0 1.0 0.0 0.0 3.0 0.0
464.00917177190763 0.0 0.0 0.0 1.0 0.0 0.0 3.0 0.0
465.00917177190763 0.0 0.0 0.0 1.0 0.0 0.0 3.0 0.0
466.0080343472144 0.0 0.0 0.0 1.0 0.0 0.0 3.0 0.0
467.0003744242793 0.0 0.0 0.0 1.0 0.0 0.0 3.0 0.0
468.00917177190763 0.0 0.0 0.0 1.0 0.0 0.0 3.0 0.0
469.003237207256 0.0 0.0 0.0 1.0 0.0 0.0 3.0 0.0
470.00917177190763 0.0 0.0 0.0 1.0 0.0 0.0 3.0 0.0
471.00421870265853 0.0 0.0 0.0 1.0 0.0 0.0 3.0 0.0
472.0069756541908 0.0 0.0 0.0 1.0 0.0 0.0 3.0 0.0
473.00884327042695 0.0 0.0 0.0 1.0 0.0 0.0 3.0 0.0
474.00410313547644 0.0 0.0 0.0 1.0 0.0 0.0 3.0 0.0
475.00917177190763 0.0 0.0 0.0 1.0 0.0 0.0 3.0 0.0
476.00917177190763 0.0 0.0 0.0 1.0 0.0 0.0 3.0 0.0
477.00917177190763 0.0 0.0 0.0 1.0 0.0 0.0 3.0 0.0
478.00917177190763 0.0 0.0 0.0 1.0 0.0 0.0 3.0 0.0
479.00917177190763 0.0 0.0 0.0 1.0 0.0 0.0 3.0 0.0
480.00917177190763 0.0 0.0 0.0 1.0 0.0 0.0 3.0 0.0
481.00917177190763 0.0 0.0 0.0 1.0 0.0 0.0 3.0 0.0
482.00917177190763 0.0 0.0 0.0 1.0 0.0 0.0 3.0 0.0
483.0022620075177 0.0 0.0 0.0 1.0 0.0 0.0 3.0 0.0
484.00099055317094 0.0 0.0 0.0 1.0 0.0 0.0 3.0 0.0
485.00917177190763 0.0 0.0 0.0 1.0 0.0 0.0 3.0 0.0
486.00917177190763 0.0 0.0 0.0 1.0 0.0 0.0 3.0 0.0
487.00917177190763 0.0 0.0 0.0 1.0 0.0 0.0 3.0 0.0
488.0021761823313 0.0 0.0 0.0 1.0 0.0 0.0 3.0 0.0
489.0021855543668 0.0 0.0 0.0 1.0 0.0 0.0 3.0 0.0
490.0026357818321 0.0 0.0 0.0 1.0 0.0 0.0 3.0 0.0
491.00917177190763 0.0 0.0 0.0 1.0 0.0 0.0 3.0 0.0
492.00917177190763 0.0 0.0 0.0 1.0 0.0 0.0 3.0 0.0
493.00917177190763 0.0 0.0 0.0 1.0 0.0 0.0 3.0 0.0
494.00917177190763 0.0 0.0 0.0 1.0 0.0 0.0 3.0 0.0
495.0065712360242 0.0 0.0 0.0 1.0 0.0 0.0 3.0 0.0
496.0086601697294 0.0 0.0 0.0 1.0 0.0 0.0 3.0 0.0
497.00917177190763 0.0 0.0 0.0 1.0 0.0 0.0 3.0 0.0
498.0050931304731 0.0 0.0 0.0 1.0 0.0 0.0 3.0 0.0
499.00917177190763 0.0 0.0 0.0 1.0 0.0 0.0 3.0 0.0
500.00917177190763 0.0 0.0 0.0 1.0 0.0 0.0 3.0 0.0
501.00917177190763 0.0 0.0 0.0 1.0 0.0 0.0 3.0 0.0
502.00917177190763 0.0 0.0 0.0 1.0 0.0 0.0 3.0 0.0
503.0001251072914 0.0 0.0 0.0 1.0 0.0 0.0 3.0 0.0
504.00917177190763 0.0 0.0 0.0 1.0 0.0 0.0 3.0 0.0
505.00917177190763 0.0 0.0 0.0 1.0 0.0 0.0 3.0 0.0
506.00917177190763 0.0 0.0 0.0 1.0 0.0 0.0 3.0 0.0
507.00064238574265 0.0 0.0 0.0 1.0 0.0 0.0 3.0 0.0
508.00308572359387 0.0 0.0 0.0 1.0 0.0 0.0 3.0 0.0
509.00917177190763 0.0 0.0 0.0 1.0 0.0 0.0 3.0 0.0
510.00917177190763 0.0 0.0 0.0 1.0 0.0 0.0 3.0 0.0
511.00917177190763 0.0 0.0 0.0 1.0 0.0 0.0 3.0 0.0
512.0091717719076 0.0 0.0 0.0 1.0 0.0 0.0 3.0 0.0
513.0091717719076 0.0 0.0 0.0 1.0 0.0 0.0 3.0 0.0
514.0091717719076 0.0 0.0 0.0 1.0 0.0 0.0 3.0 0.0
515.0091717719076 0.0 0.0 0.0 1.0 0.0 0.0 3.0 0.0
516.0091717719076 0.0 0.0 0.0 1.0 0.0 0.0 3.0 0.0
517.0091717719076 0.0 0.0 0.0 1.0 0.0 0.0 3.0 0.0
518.0091717719076 0.0 0.0 0.0 1.0 0.0 0.0 3.0 0.0
519.0091717719076 0.0 0.0 0.0 1.0 0.0 0.0 3.0 0.0
520.0091717719076 0.0 0.0 0.0 1.0 0.0 0.0 3.0 0.0
521.0091089155738 0.0 0.0 0.0 1.0 0.0 0.0 3.0 0.0
522.0091717719076 0.0 0.0 0.0 1.0 0.0 0.0 3.0 0.0
523.0091717719076 0.0 0.0 0.0 1.0 0.0 0.0 3.0 0.0
524.0091717719076 0.0 0.0 0.0 1.0 0.0 0.0 3.0 0.0
525.0036450077246 0.0 0.0 0.0 1.0 0.0 0.0 3.0 0.0
526.0091717719076 0.0 0.0 0.0 1.0 0.0 0.0 3.0 0.0
527.0087472777608 0.0 0.0 0.0 1.0 0.0 0.0 3.0 0.0
528.0091717719076 0.0 0.0 0.0 1.0 0.0 0.0 3.0 0.0
529.0091717719076 0.0 0.0 0.0 1.0 0.0 0.0 3.0 0.0
530.0091717719076 0.0 0.0 0.0 1.0 0.0 0.0 3.0 0.0
531.0091717719076 0.0 0.0 0.0 1.0 0.0 0.0 3.0 0.0
532.0091717719076 0.0 0.0 0.0 1.0 0.0 0.0 3.0 0.0
533.0003459872931 0.0 0.0 0.0 1.0 0.0 0.0 3.0 0.0
534.0091717719076 0.0 0.0 0.0 1.0 0.0 0.0 3.0 0.0
535.0091717719076 0.0 0.0 0.0 1.0 0.0 0.0 3.0 0.0
536.0090223837368 0.0 0.0 0.0 1.0 0.0 0.0 3.0 0.0
537.0091717719076 0.0 0.0 0.0 1.0 0.0 0.0 3.0 0.0
538.0091717719076 0.0 0.0 0.0 1.0 0.0 0.0 3.0 0.0
539.0091717719076 0.0 0.0 0.0 1.0 0.0 0.0 3.0 0.0
540.0049841458015 0.0 0.0 0.0 1.0 0.0 0.0 3.0 0.0
541.0091717719076 0.0 0.0 0.0 1.0 0.0 0.0 3.0 0.0
542.0012523542177 0.0 0.0 0.0 1.0 0.0 0.0 3.0 0.0
543.0091717719076 0.0 0.0 0.0 1.0 0.0 0.0 3.0 0.0
544.0091717719076 0.0 0.0 0.0 1.0 0.0 0.0 3.0 0.0
545.0091717719076 0.0 0.0 0.0 1.0 0.0 0.0 3.0 0.0
546.0091717719076 0.0 0.0 0.0 1.0 0.0 0.0 3.0 0.0
547.0091717719076 0.0 0.0 0.0 1.0 0.0 0.0 3.0 0.0
548.0091717719076 0.0 0.0 0.0 1.0 0.0 0.0 3.0 0.0
549.0091717719076 0.0 0.0 0.0 1.0 0.0 0.0 3.0 0.0
550.0091717719076 0.0 0.0 0.0 1.0 0.0 0.0 3.0 0.0
551.0060014498866 0.0 0.0 0.0 1.0 0.0 0.0 3.0 0.0
552.0091717719076 0.0 0.0 0.0 1.0 0.0 0.0 3.0 0.0
553.0059007880122 0.0 0.0 0.0 1.0 0.0 0.0 3.0 0.0
554.0091717719076 0.0 0.0 0.0 1.0 0.0 0.0 3.0 0.0
555.0091717719076 0.0 0.0 0.0 1.0 0.0 0.0 3.0 0.0
556.0011904599827 0.0 0.0 0.0 1.0 0.0 0.0 3.0 0.0
557.0090248847824 0.0 0.0 0.0 1.0 0.0 0.0 3.0 0.0
558.0091717719076 0.0 0.0 0.0 1.0 0.0 0.0 3.0 0.0
559.004525254742 0.0 0.0 0.0 1.0 0.0 0.0 3.0 0.0
560.0091717719076 0.0 0.0 0.0 1.0 0.0 0.0 3.0 0.0
561.0091717719076 0.0 0.0 0.0 1.0 0.0 0.0 3.0 0.0
562.0091717719076 0.0 0.0 0.0 1.0 0.0 0.0 3.0 0.0
563.0091717719076 0.0 0.0 0.0 1.0 0.0 0.0 3.0 0.0
564.0091717719076 0.0 0.0 0.0 1.0 0.0 0.0 3.0 0.0
565.0090466545633 0.0 0.0 0.0 1.0 0.0 0.0 3.0 0.0
566.0091717719076 0.0 0.0 0.0 1.0 0.0 0.0 3.0 0.0
567.0091717719076 0.0 0.0 0.0 1.0 0.0 0.0 3.0 0.0
568.0091717719076 0.0 0.0 0.0 1.0 0.0 0.0 3.0 0.0
569.0091717719076 0.0 0.0 0.0 1.0 0.0 0.0 3.0 0.0
570.0091717719076 0.0 0.0 0.0 1.0 0.0 0.0 3.0 0.0
571.0091717719076 0.0 0.0 0.0 1.0 0.0 0.0 3.0 0.0
572.0040857461777 0.0 0.0 0.0 1.0 0.0 0.0 3.0 0.0
573.0032564158329 0.0 0.0 0.0 1.0 0.0 0.0 3.0 0.0
574.0091717719076 0.0 0.0 0.0 1.0 0.0 0.0 3.0 0.0
575.0091717719076 0.0 0.0 0.0 1.0 0.0 0.0 3.0 0.0
576.0091717719076 0.0 0.0 0.0 1.0 0.0 0.0 3.0 0.0
577.0091717719076 0.0 0.0 0.0 1.0 0.0 0.0 3.0 0.0
578.0090822162965 0.0 0.0 0.0 1.0 0.0 0.0 3.0 0.0
579.0091717719076 0.0 0.0 0.0 1.0 0.0 0.0 3.0 0.0
580.0091717719076 0.0 0.0 0.0 1.0 0.0 0.0 3.0 0.0
581.0091717719076 0.0 0.0 0.0 1.0 0.0 0.0 3.0 0.0
582.0091717719076 0.0 0.0 0.0 1.0 0.0 0.0 3.0 0.0
583.0091717719076 0.0 0.0 0.0 1.0 0.0 0.0 3.0 0.0
584.0091717719076 0.0 0.0 0.0 1.0 0.0 0.0 3.0 0.0
585.0091717719076 0.0 0.0 0.0 1.0 0.0 0.0 3.0 0.0
586.0091717719076 0.0 0.0 0.0 1.0 0.0 0.0 3.0 0.0
587.0091717719076 0.0 0.0 0.0 1.0 0.0 0.0 3.0 0.0
588.0091717719076 0.0 0.0 0.0 1.0 0.0 0.0 3.0 0.0
589.0091717719076 0.0 0.0 0.0 1.0 0.0 0.0 3.0 0.0
590.0091717719076 0.0 0.0 0.0 1.0 0.0 0.0 3.0 0.0
591.0091717719076 0.0 0.0 0.0 1.0 0.0 0.0 3.0 0.0
592.0091717719076 0.0 0.0 0.0 1.0 0.0 0.0 3.0 0.0
593.0091717719076 0.0 0.0 0.0 1.0 0.0 0.0 3.0 0.0
594.0091717719076 0.0 0.0 0.0 1.0 0.0 0.0 3.0 0.0
595.0091717719076 0.0 0.0 0.0 1.0 0.0 0.0 3.0 0.0
596.0091717719076 0.0 0.0 0.0 1.0 0.0 0.0 3.0 0.0
597.0004907439114 0.0 0.0 0.0 1.0 0.0 0.0 3.0 0.0
598.0012012303347 0.0 0.0 0.0 1.0 0.0 0.0 3.0 0.0
599.0091717719076 0.0 0.0 0.0 1.0 0.0 0.0 3.0 0.0
600.0091717719076 0.0 0.0 0.0 1.0 0.0 0.0 3.0 0.0
601.0091717719076 0.0 0.0 0.0 1.0 0.0 0.0 3.0 0.0
602.0091717719076 0.0 0.0 0.0 1.0 0.0 0.0 3.0 0.0
603.0023846615635 0.0 0.0 0.0 1.0 0.0 0.0 3.0 0.0
604.0091717719076 0.0 0.0 0.0 1.0 0.0 0.0 3.0 0.0
605.0030523044456 0.0 0.0 0.0 1.0 0.0 0.0 3.0 0.0
606.0091717719076 0.0 0.0 0.0 1.0 0.0 0.0 3.0 0.0
607.0091717719076 0.0 0.0 0.0 1.0 0.0 0.0 3.0 0.0
608.0091717719076 0.0 0.0 0.0 1.0 0.0 0.0 3.0 0.0
609.0091717719076 0.0 0.0 0.0 1.0 0.0 0.0 3.0 0.0
610.0091717719076 0.0 0.0 0.0 1.0 0.0 0.0 3.0 0.0
611.005309319961 0.0 0.0 0.0 1.0 0.0 0.0 3.0 0.0
612.0016364891275 0.0 0.0 0.0 1.0 0.0 0.0 3.0 0.0
613.0056745849893 0.0 0.0 0.0 1.0 0.0 0.0 3.0 0.0
614.0091717719076 0.0 0.0 0.0 1.0 0.0 0.0 3.0 0.0
615.0091717719076 0.0 0.0 0.0 1.0 0.0 0.0 3.0 0.0
616.0091717719076 0.0 0.0 0.0 1.0 0.0 0.0 3.0 0.0
617.0091717719076 0.0 0.0 0.0 1.0 0.0 0.0 3.0 0.0
618.0091717719076 0.0 0.0 0.0 1.0 0.0 0.0 3.0 0.0
619.0091717719076 0.0 0.0 0.0 1.0 0.0 0.0 3.0 0.0
620.0091717719076 0.0 0.0 0.0 1.0 0.0 0.0 3.0 0.0
621.0091717719076 0.0 0.0 0.0 1.0 0.0 0.0 3.0 0.0
622.0020509970575 0.0 0.0 0.0 1.0 0.0 0.0 3.0 0.0
623.0038171670069 0.0 0.0 0.0 1.0 0.0 0.0 3.0 0.0
624.0072045324074 0.0 0.0 0.0 1.0 0.0 0.0 3.0 0.0
625.0031280703588 0.0 0.0 0.0 1.0 0.0 0.0 3.0 0.0
626.0009922249864 0.0 0.0 0.0 1.0 0.0 0.0 3.0 0.0
627.0091717719076 0.0 0.0 0.0 1.0 0.0 0.0 3.0 0.0
628.0091717719076 0.0 0.0 0.0 1.0 0.0 0.0 3.0 0.0
629.0091717719076 0.0 0.0 0.0 1.0 0.0 0.0 3.0 0.0
630.0010874172382 0.0 0.0 0.0 1.0 0.0 0.0 3.0 0.0
631.0091717719076 0.0 0.0 0.0 1.0 0.0 0.0 3.0 0.0
632.0091717719076 0.0 0.0 0.0 1.0 0.0 0.0 3.0 0.0
633.008800229243 0.0 0.0 0.0 1.0 0.0 0.0 3.0 0.0
634.0091717719076 0.0 0.0 0.0 1.0 0.0 0.0 3.0 0.0
635.0091717719076 0.0 0.0 0.0 1.0 0.0 0.0 3.0 0.0
636.0091717719076 0.0 0.0 0.0 1.0 0.0 0.0 3.0 0.0
637.0085784014218 0.0 0.0 0.0 1.0 0.0 0.0 3.0 0.0
638.0091717719076 0.0 0.0 0.0 1.0 0.0 0.0 3.0 0.0
639.0091717719076 0.0 0.0 0.0 1.0 0.0 0.0 3.0 0.0
640.0091717719076 0.0 0.0 0.0 1.0 0.0 0.0 3.0 0.0
641.0091717719076 0.0 0.0 0.0 1.0 0.0 0.0 3.0 0.0
642.0091717719076 0.0 0.0 0.0 1.0 0.0 0.0 3.0 0.0
643.0091717719076 0.0 0.0 0.0 1.0 0.0 0.0 3.0 0.0
644.000598701842 0.0 0.0 0.0 1.0 0.0 0.0 3.0 0.0
645.001460490058 0.0 0.0 0.0 1.0 0.0 0.0 3.0 0.0
646.0091717719076 0.0 0.0 0.0 1.0 0.0 0.0 3.0 0.0
647.0091717719076 0.0 0.0 0.0 1.0 0.0 0.0 3.0 0.0
648.0091717719076 0.0 0.0 0.0 1.0 0.0 0.0 3.0 0.0
649.0091717719076 0.0 0.0 0.0 1.0 0.0 0.0 3.0 0.0
650.0084052843038 0.0 0.0 0.0 1.0 0.0 0.0 3.0 0.0
651.0059502359338 0.0 0.0 0.0 1.0 0.0 0.0 3.0 0.0
652.002799017451 0.0 0.0 0.0 1.0 0.0 0.0 3.0 0.0
653.0091717719076 0.0 0.0 0.0 1.0 0.0 0.0 3.0 0.0
654.0091717719076 0.0 0.0 0.0 1.0 0.0 0.0 3.0 0.0
655.0091717719076 0.0 0.0 0.0 1.0 0.0 0.0 3.0 0.0
656.0091717719076 0.0 0.0 0.0 1.0 0.0 0.0 3.0 0.0
657.0091717719076 0.0 0.0 0.0 1.0 0.0 0.0 3.0 0.0
658.0091717719076 0.0 0.0 0.0 1.0 0.0 0.0 3.0 0.0
659.0091717719076 0.0 0.0 0.0 1.0 0.0 0.0 3.0 0.0
660.0091717719076 0.0 0.0 0.0 1.0 0.0 0.0 3.0 0.0
661.004082183623 0.0 0.0 0.0 1.0 0.0 0.0 3.0 0.0
662.0091717719076 0.0 0.0 0.0 1.0 0.0 0.0 3.0 0.0
663.0022419093973 0.0 0.0 0.0 1.0 0.0 0.0 3.0 0.0
664.0091717719076 0.0 0.0 0.0 1.0 0.0 0.0 3.0 0.0
665.0091717719076 0.0 0.0 0.0 1.0 0.0 0.0 3.0 0.0
666.0091717719076 0.0 0.0 0.0 1.0 0.0 0.0 3.0 0.0
667.0091717719076 0.0 0.0 0.0 1.0 0.0 0.0 3.0 0.0
668.0091717719076 0.0 0.0 0.0 1.0 0.0 0.0 3.0 0.0
669.0091717719076 0.0 0.0 0.0 1.0 0.0 0.0 3.0 0.0
670.0091717719076 0.0 0.0 0.0 1.0 0.0 0.0 3.0 0.0
671.0091717719076 0.0 0.0 0.0 1.0 0.0 0.0 3.0 0.0
672.0091717719076 0.0 0.0 0.0 1.0 0.0 0.0 3.0 0.0
673.0091717719076 0.0 0.0 0.0 1.0 0.0 0.0 3.0 0.0
674.0087756431342 0.0 0.0 0.0 1.0 0.0 0.0 3.0 0.0
675.0091717719076 0.0 0.0 0.0 1.0 0.0 0.0 3.0 0.0
676.00795011495 0.0 0.0 0.0 1.0 0.0 0.0 3.0 0.0
677.0091717719076 0.0 0.0 0.0 1.0 0.0 0.0 3.0 0.0
678.0091717719076 0.0 0.0 0.0 1.0 0.0 0.0 3.0 0.0
679.0091717719076 0.0 0.0 0.0 1.0 0.0 0.0 3.0 0.0
680.0091717719076 0.0 0.0 0.0 1.0 0.0 0.0 3.0 0.0
681.0091717719076 0.0 0.0 0.0 1.0 0.0 0.0 3.0 0.0
682.0091717719076 0.0 0.0 0.0 1.0 0.0 0.0 3.0 0.0
683.0091717719076 0.0 0.0 0.0 1.0 0.0 0.0 3.0 0.0
684.0091717719076 0.0 0.0 0.0 1.0 0.0 0.0 3.0 0.0
685.0091717719076 0.0 0.0 0.0 1.0 0.0 0.0 3.0 0.0
686.0027682342891 0.0 0.0 0.0 1.0 0.0 0.0 3.0 0.0
687.0091717719076 0.0 0.0 0.0 1.0 0.0 0.0 3.0 0.0
688.0091717719076 0.0 0.0 0.0 1.0 0.0 0.0 3.0 0.0
689.0091717719076 0.0 0.0 0.0 1.0 0.0 0.0 3.0 0.0
690.0091717719076 0.0 0.0 0.0 1.0 0.0 0.0 3.0 0.0
691.0091717719076 0.0 0.0 0.0 1.0 0.0 0.0 3.0 0.0
692.0091717719076 0.0 0.0 0.0 1.0 0.0 0.0 3.0 0.0
693.0091717719076 0.0 0.0 0.0 1.0 0.0 0.0 3.0 0.0
694.0091717719076 0.0 0.0 0.0 1.0 0.0 0.0 3.0 0.0
695.0091717719076 0.0 0.0 0.0 1.0 0.0 0.0 3.0 0.0
696.0091717719076 0.0 0.0 0.0 1.0 0.0 0.0 3.0 0.0
697.0091717719076 0.0 0.0 0.0 1.0 0.0 0.0 3.0 0.0
698.0074510388835 0.0 0.0 0.0 1.0 0.0 0.0 3.0 0.0
699.0091717719076 0.0 0.0 0.0 1.0 0.0 0.0 3.0 0.0
700.0091717719076 0.0 0.0 0.0 1.0 0.0 0.0 3.0 0.0
701.0091717719076 0.0 0.0 0.0 1.0 0.0 0.0 3.0 0.0
702.0088736138351 0.0 0.0 0.0 1.0 0.0 0.0 3.0 0.0
703.0091717719076 0.0 0.0 0.0 1.0 0.0 0.0 3.0 0.0
704.0091717719076 0.0 0.0 0.0 1.0 0.0 0.0 3.0 0.0
705.0047246490951 0.0 0.0 0.0 1.0 0.0 0.0 3.0 0.0
706.0054912634467 0.0 0.0 0.0 1.0 0.0 0.0 3.0 0.0
707.0091717719076 0.0 0.0 0.0 1.0 0.0 0.0 3.0 0.0
708.0091717719076 0.0 0.0 0.0 1.0 0.0 0.0 3.0 0.0
709.0091717719076 0.0 0.0 0.0 1.0 0.0 0.0 3.0 0.0
710.0091717719076 0.0 0.0 0.0 1.0 0.0 0.0 3.0 0.0
711.0091717719076 0.0 0.0 0.0 1.0 0.0 0.0 3.0 0.0
712.0091717719076 0.0 0.0 0.0 1.0 0.0 0.0 3.0 0.0
713.0091717719076 0.0 0.0 0.0 1.0 0.0 0.0 3.0 0.0
714.0091717719076 0.0 0.0 0.0 1.0 0.0 0.0 3.0 0.0
715.0091717719076 0.0 0.0 0.0 1.0 0.0 0.0 3.0 0.0
716.0029228539248 0.0 0.0 0.0 1.0 0.0 0.0 3.0 0.0
717.0091717719076 0.0 0.0 0.0 1.0 0.0 0.0 3.0 0.0
718.0087950819775 0.0 0.0 0.0 1.0 0.0 0.0 3.0 0.0
719.0091717719076 0.0 0.0 0.0 1.0 0.0 0.0 3.0 0.0
720.0091717719076 0.0 0.0 0.0 1.0 0.0 0.0 3.0 0.0
721.0091717719076 0.0 0.0 0.0 1.0 0.0 0.0 3.0 0.0
722.0082745644075 0.0 0.0 0.0 1.0 0.0 0.0 3.0 0.0
723.000032812105 0.0 0.0 0.0 1.0 0.0 0.0 3.0 0.0
724.0034854073763 0.0 0.0 0.0 1.0 0.0 0.0 3.0 0.0
725.0002100267068 0.0 0.0 0.0 1.0 0.0 0.0 3.0 0.0
726.0091717719076 0.0 0.0 0.0 1.0 0.0 0.0 3.0 0.0
727.0091717719076 0.0 0.0 0.0 1.0 0.0 0.0 3.0 0.0
728.0091717719076 0.0 0.0 0.0 1.0 0.0 0.0 3.0 0.0
729.0091717719076 0.0 0.0 0.0 1.0 0.0 0.0 3.0 0.0
730.0091717719076 0.0 0.0 0.0 1.0 0.0 0.0 3.0 0.0
731.0091717719076 0.0 0.0 0.0 1.0 0.0 0.0 3.0 0.0
732.0061266283004 0.0 0.0 0.0 1.0 0.0 0.0 3.0 0.0
733.0091717719076 0.0 0.0 0.0 1.0 0.0 0.0 3.0 0.0
734.0019573186634 0.0 0.0 0.0 1.0 0.0 0.0 3.0 0.0
735.0091717719076 0.0 0.0 0.0 1.0 0.0 0.0 3.0 0.0
736.00266336153 0.0 0.0 0.0 1.0 0.0 0.0 3.0 0.0
737.0091717719076 0.0 0.0 0.0 1.0 0.0 0.0 3.0 0.0
738.0091717719076 0.0 0.0 0.0 1.0 0.0 0.0 3.0 0.0
739.0091717719076 0.0 0.0 0.0 1.0 0.0 0.0 3.0 0.0
740.0091717719076 0.0 0.0 0.0 1.0 0.0 0.0 3.0 0.0
741.0043332858841 0.0 0.0 0.0 1.0 0.0 0.0 3.0 0.0
742.0091717719076 0.0 0.0 0.0 1.0 0.0 0.0 3.0 0.0
743.0091717719076 0.0 0.0 0.0 1.0 0.0 0.0 3.0 0.0
744.0091717719076 0.0 0.0 0.0 1.0 0.0 0.0 3.0 0.0
745.0091717719076 0.0 0.0 0.0 1.0 0.0 0.0 3.0 0.0
746.0091717719076 0.0 0.0 0.0 1.0 0.0 0.0 3.0 0.0
747.0082198306654 0.0 0.0 0.0 1.0 0.0 0.0 3.0 0.0
748.0091717719076 0.0 0.0 0.0 1.0 0.0 0.0 3.0 0.0
749.0040180517676 0.0 0.0 0.0 1.0 0.0 0.0 3.0 0.0
750.0091717719076 0.0 0.0 0.0 1.0 0.0 0.0 3.0 0.0
751.0091717719076 0.0 0.0 0.0 1.0 0.0 0.0 3.0 0.0
752.0091717719076 0.0 0.0 0.0 1.0 0.0 0.0 3.0 0.0
753.0091717719076 0.0 0.0 0.0 1.0 0.0 0.0 3.0 0.0
754.0049367770017 0.0 0.0 0.0 1.0 0.0 0.0 3.0 0.0
755.0091717719076 0.0 0.0 0.0 1.0 0.0 0.0 3.0 0.0
756.0091717719076 0.0 0.0 0.0 1.0 0.0 0.0 3.0 0.0
757.0091717719076 0.0 0.0 0.0 1.0 0.0 0.0 3.0 0.0
758.0091717719076 0.0 0.0 0.0 1.0 0.0 0.0 3.0 0.0
759.0091717719076 0.0 0.0 0.0 1.0 0.0 0.0 3.0 0.0
760.0091717719076 0.0 0.0 0.0 1.0 0.0 0.0 3.0 0.0
761.0091717719076 0.0 0.0 0.0 1.0 0.0 0.0 3.0 0.0
762.0091717719076 0.0 0.0 0.0 1.0 0.0 0.0 3.0 0.0
763.0091717719076 0.0 0.0 0.0 1.0 0.0 0.0 3.0 0.0
764.0091717719076 0.0 0.0 0.0 1.0 0.0 0.0 3.0 0.0
765.001578445811 0.0 0.0 0.0 1.0 0.0 0.0 3.0 0.0
766.0005774164199 0.0 0.0 0.0 1.0 0.0 0.0 3.0 0.0
767.0004634206173 0.0 0.0 0.0 1.0 0.0 0.0 3.0 0.0
768.0091717719076 0.0 0.0 0.0 1.0 0.0 0.0 3.0 0.0
769.0091717719076 0.0 0.0 0.0 1.0 0.0 0.0 3.0 0.0
770.0091717719076 0.0 0.0 0.0 1.0 0.0 0.0 3.0 0.0
771.0027223351665 0.0 0.0 0.0 1.0 0.0 0.0 3.0 0.0
772.0091717719076 0.0 0.0 0.0 1.0 0.0 0.0 3.0 0.0
773.0091717719076 0.0 0.0 0.0 1.0 0.0 0.0 3.0 0.0
774.0091717719076 0.0 0.0 0.0 1.0 0.0 0.0 3.0 0.0
775.0091717719076 0.0 0.0 0.0 1.0 0.0 0.0 3.0 0.0
776.0091717719076 0.0 0.0 0.0 1.0 0.0 0.0 3.0 0.0
777.0091717719076 0.0 0.0 0.0 1.0 0.0 0.0 3.0 0.0
778.0015830128509 0.0 0.0 0.0 1.0 0.0 0.0 3.0 0.0
779.0091717719076 0.0 0.0 0.0 1.0 0.0 0.0 3.0 0.0
780.0091717719076 0.0 0.0 0.0 1.0 0.0 0.0 3.0 0.0
781.0091717719076 0.0 0.0 0.0 1.0 0.0 0.0 3.0 0.0
782.0091717719076 0.0 0.0 0.0 1.0 0.0 0.0 3.0 0.0
783.0091717719076 0.0 0.0 0.0 1.0 0.0 0.0 3.0 0.0
784.0012562492566 0.0 0.0 0.0 1.0 0.0 0.0 3.0 0.0
785.0091717719076 0.0 0.0 0.0 1.0 0.0 0.0 3.0 0.0
786.0091717719076 0.0 0.0 0.0 1.0 0.0 0.0 3.0 0.0
787.0086077883678 0.0 0.0 0.0 1.0 0.0 0.0 3.0 0.0
788.0075923305104 0.0 0.0 0.0 1.0 0.0 0.0 3.0 0.0
789.0091717719076 0.0 0.0 0.0 1.0 0.0 0.0 3.0 0.0
790.0091717719076 0.0 0.0 0.0 1.0 0.0 0.0 3.0 0.0
791.0018515605107 0.0 0.0 0.0 1.0 0.0 0.0 3.0 0.0
792.0091717719076 0.0 0.0 0.0 1.0 0.0 0.0 3.0 0.0
793.0091717719076 0.0 0.0 0.0 1.0 0.0 0.0 3.0 0.0
794.0036080254094 0.0 0.0 0.0 1.0 0.0 0.0 3.0 0.0
795.0091717719076 0.0 0.0 0.0 1.0 0.0 0.0 3.0 0.0
796.0066775594769 0.0 0.0 0.0 1.0 0.0 0.0 3.0 0.0
797.0091717719076 0.0 0.0 0.0 1.0 0.0 0.0 3.0 0.0
798.0091717719076 0.0 0.0 0.0 1.0 0.0 0.0 3.0 0.0
799.0091717719076 0.0 0.0 0.0 1.0 0.0 0.0 3.0 0.0
800.0032870980742 0.0 0.0 0.0 1.0 0.0 0.0 3.0 0.0
801.0091717719076 0.0 0.0 0.0 1.0 0.0 0.0 3.0 0.0
802.002942630278 0.0 0.0 0.0 1.0 0.0 0.0 3.0 0.0
803.0091717719076 0.0 0.0 0.0 1.0 0.0 0.0 3.0 0.0
804.0091717719076 0.0 0.0 0.0 1.0 0.0 0.0 3.0 0.0
805.0091717719076 0.0 0.0 0.0 1.0 0.0 0.0 3.0 0.0
806.0050549515029 0.0 0.0 0.0 1.0 0.0 0.0 3.0 0.0
807.0091717719076 0.0 0.0 0.0 1.0 0.0 0.0 3.0 0.0
808.0091717719076 0.0 0.0 0.0 1.0 0.0 0.0 3.0 0.0
809.0091717719076 0.0 0.0 0.0 1.0 0.0 0.0 3.0 0.0
810.0091717719076 0.0 0.0 0.0 1.0 0.0 0.0 3.0 0.0
811.0091717719076 0.0 0.0 0.0 1.0 0.0 0.0 3.0 0.0
812.0091717719076 0.0 0.0 0.0 1.0 0.0 0.0 3.0 0.0
813.0055555814484 0.0 0.0 0.0 1.0 0.0 0.0 3.0 0.0
814.0091717719076 0.0 0.0 0.0 1.0 0.0 0.0 3.0 0.0
815.0091717719076 0.0 0.0 0.0 1.0 0.0 0.0 3.0 0.0
816.0091717719076 0.0 0.0 0.0 1.0 0.0 0.0 3.0 0.0
817.0091717719076 0.0 0.0 0.0 1.0 0.0 0.0 3.0 0.0
818.0011860577425 0.0 0.0 0.0 1.0 0.0 0.0 3.0 0.0
819.0091717719076 0.0 0.0 0.0 1.0 0.0 0.0 3.0 0.0
820.0007643538611 0.0 0.0 0.0 1.0 0.0 0.0 3.0 0.0
821.0091717719076 0.0 0.0 0.0 1.0 0.0 0.0 3.0 0.0
822.0091717719076 0.0 0.0 0.0 1.0 0.0 0.0 3.0 0.0
823.0091717719076 0.0 0.0 0.0 1.0 0.0 0.0 3.0 0.0
824.0091717719076 0.0 0.0 0.0 1.0 0.0 0.0 3.0 0.0
825.0091717719076 0.0 0.0 0.0 1.0 0.0 0.0 3.0 0.0
826.0015910530275 0.0 0.0 0.0 1.0 0.0 0.0 3.0 0.0
827.0024342273633 0.0 0.0 0.0 1.0 0.0 0.0 3.0 0.0
828.0049236353584 0.0 0.0 0.0 1.0 0.0 0.0 3.0 0.0
829.0091717719076 0.0 0.0 0.0 1.0 0.0 0.0 3.0 0.0
830.0091717719076 0.0 0.0 0.0 1.0 0.0 0.0 3.0 0.0
831.0091717719076 0.0 0.0 0.0 1.0 0.0 0.0 3.0 0.0
832.0091717719076 0.0 0.0 0.0 1.0 0.0 0.0 3.0 0.0
833.0061052830139 0.0 0.0 0.0 1.0 0.0 0.0 3.0 0.0
834.0091717719076 0.0 0.0 0.0 1.0 0.0 0.0 3.0 0.0
835.0091717719076 0.0 0.0 0.0 1.0 0.0 0.0 3.0 0.0
836.0091717719076 0.0 0.0 0.0 1.0 0.0 0.0 3.0 0.0
837.0091717719076 0.0 0.0 0.0 1.0 0.0 0.0 3.0 0.0
838.0091717719076 0.0 0.0 0.0 1.0 0.0 0.0 3.0 0.0
839.0091717719076 0.0 0.0 0.0 1.0 0.0 0.0 3.0 0.0
840.0091717719076 0.0 0.0 0.0 1.0 0.0 0.0 3.0 0.0
841.0091717719076 0.0 0.0 0.0 1.0 0.0 0.0 3.0 0.0
842.001181171682 0.0 0.0 0.0 1.0 0.0 0.0 3.0 0.0
843.0091717719076 0.0 0.0 0.0 1.0 0.0 0.0 3.0 0.0
844.0091717719076 0.0 0.0 0.0 1.0 0.0 0.0 3.0 0.0
845.0091717719076 0.0 0.0 0.0 1.0 0.0 0.0 3.0 0.0
846.0020861287799 0.0 0.0 0.0 1.0 0.0 0.0 3.0 0.0
847.0091717719076 0.0 0.0 0.0 1.0 0.0 0.0 3.0 0.0
848.0022339955093 0.0 0.0 0.0 1.0 0.0 0.0 3.0 0.0
849.0091717719076 0.0 0.0 0.0 1.0 0.0 0.0 3.0 0.0
850.0091717719076 0.0 0.0 0.0 1.0 0.0 0.0 3.0 0.0
851.0091717719076 0.0 0.0 0.0 1.0 0.0 0.0 3.0 0.0
852.0091717719076 0.0 0.0 0.0 1.0 0.0 0.0 3.0 0.0
853.0091717719076 0.0 0.0 0.0 1.0 0.0 0.0 3.0 0.0
854.0091717719076 0.0 0.0 0.0 1.0 0.0 0.0 3.0 0.0
855.0091717719076 0.0 0.0 0.0 1.0 0.0 0.0 3.0 0.0
856.0091717719076 0.0 0.0 0.0 1.0 0.0 0.0 3.0 0.0
857.0091717719076 0.0 0.0 0.0 1.0 0.0 0.0 3.0 0.0
858.0091717719076 0.0 0.0 0.0 1.0 0.0 0.0 3.0 0.0
859.0005686112273 0.0 0.0 0.0 1.0 0.0 0.0 3.0 0.0
860.0091717719076 0.0 0.0 0.0 1.0 0.0 0.0 3.0 0.0
861.0091717719076 0.0 0.0 0.0 1.0 0.0 0.0 3.0 0.0
862.0039430735226 0.0 0.0 0.0 1.0 0.0 0.0 3.0 0.0
863.0091717719076 0.0 0.0 0.0 1.0 0.0 0.0 3.0 0.0
864.0000197084443 0.0 0.0 0.0 1.0 0.0 0.0 3.0 0.0
865.0091717719076 0.0 0.0 0.0 1.0 0.0 0.0 3.0 0.0
866.0091717719076 0.0 0.0 0.0 1.0 0.0 0.0 3.0 0.0
867.0091717719076 0.0 0.0 0.0 1.0 0.0 0.0 3.0 0.0
868.0091717719076 0.0 0.0 0.0 1.0 0.0 0.0 3.0 0.0
869.0091717719076 0.0 0.0 0.0 1.0 0.0 0.0 3.0 0.0
870.0091717719076 0.0 0.0 0.0 1.0 0.0 0.0 3.0 0.0
871.0017463472439 0.0 0.0 0.0 1.0 0.0 0.0 3.0 0.0
872.0091717719076 0.0 0.0 0.0 1.0 0.0 0.0 3.0 0.0
873.0091717719076 0.0 0.0 0.0 1.0 0.0 0.0 3.0 0.0
874.0091717719076 0.0 0.0 0.0 1.0 0.0 0.0 3.0 0.0
875.0091717719076 0.0 0.0 0.0 1.0 0.0 0.0 3.0 0.0
876.0091717719076 0.0 0.0 0.0 1.0 0.0 0.0 3.0 0.0
877.0040190250907 0.0 0.0 0.0 1.0 0.0 0.0 3.0 0.0
878.0091717719076 0.0 0.0 0.0 1.0 0.0 0.0 3.0 0.0
879.0091717719076 0.0 0.0 0.0 1.0 0.0 0.0 3.0 0.0
880.0091717719076 0.0 0.0 0.0 1.0 0.0 0.0 3.0 0.0
881.0091717719076 0.0 0.0 0.0 1.0 0.0 0.0 3.0 0.0
882.0091717719076 0.0 0.0 0.0 1.0 0.0 0.0 3.0 0.0
883.0091717719076 0.0 0.0 0.0 1.0 0.0 0.0 3.0 0.0
884.0091717719076 0.0 0.0 0.0 1.0 0.0 0.0 3.0 0.0
885.0091717719076 0.0 0.0 0.0 1.0 0.0 0.0 3.0 0.0
886.0091717719076 0.0 0.0 0.0 1.0 0.0 0.0 3.0 0.0
887.0091717719076 0.0 0.0 0.0 1.0 0.0 0.0 3.0 0.0
888.0091717719076 0.0 0.0 0.0 1.0 0.0 0.0 3.0 0.0
889.0091717719076 0.0 0.0 0.0 1.0 0.0 0.0 3.0 0.0
890.0091717719076 0.0 0.0 0.0 1.0 0.0 0.0 3.0 0.0
891.0091717719076 0.0 0.0 0.0 1.0 0.0 0.0 3.0 0.0
892.0049991459947 0.0 0.0 0.0 1.0 0.0 0.0 3.0 0.0
893.0091717719076 0.0 0.0 0.0 1.0 0.0 0.0 3.0 0.0
894.0045962537702 0.0 0.0 0.0 1.0 0.0 0.0 3.0 0.0
895.0091717719076 0.0 0.0 0.0 1.0 0.0 0.0 3.0 0.0
896.0091717719076 0.0 0.0 0.0 1.0 0.0 0.0 3.0 0.0
897.0091717719076 0.0 0.0 0.0 1.0 0.0 0.0 3.0 0.0
898.0078871782832 0.0 0.0 0.0 1.0 0.0 0.0 3.0 0.0
899.0023753915852 0.0 0.0 0.0 1.0 0.0 0.0 3.0 0.0
900.0091717719076 0.0 0.0 0.0 1.0 0.0 0.0 3.0 0.0
901.0030359687806 0.0 0.0 0.0 1.0 0.0 0.0 3.0 0.0
902.003195874255 0.0 0.0 0.0 1.0 0.0 0.0 3.0 0.0
903.0015152695856 0.0 0.0 0.0 1.0 0.0 0.0 3.0 0.0
904.0056872026865 0.0 0.0 0.0 1.0 0.0 0.0 3.0 0.0
905.0091717719076 0.0 0.0 0.0 1.0 0.0 0.0 3.0 0.0
906.0037897591968 0.0 0.0 0.0 1.0 0.0 0.0 3.0 0.0
907.0041929595839 0.0 0.0 0.0 1.0 0.0 0.0 3.0 0.0
908.0091717719076 0.0 0.0 0.0 1.0 0.0 0.0 3.0 0.0
909.0091717719076 0.0 0.0 0.0 1.0 0.0 0.0 3.0 0.0
910.0091717719076 0.0 0.0 0.0 1.0 0.0 0.0 3.0 0.0
911.0085098578331 0.0 0.0 0.0 1.0 0.0 0.0 3.0 0.0
912.0091717719076 0.0 0.0 0.0 1.0 0.0 0.0 3.0 0.0
913.0091717719076 0.0 0.0 0.0 1.0 0.0 0.0 3.0 0.0
914.0001871287816 0.0 0.0 0.0 1.0 0.0 0.0 3.0 0.0
915.008433247669 0.0 0.0 0.0 1.0 0.0 0.0 3.0 0.0
916.0091717719076 0.0 0.0 0.0 1.0 0.0 0.0 3.0 0.0
917.0091717719076 0.0 0.0 0.0 1.0 0.0 0.0 3.0 0.0
918.0091717719076 0.0 0.0 0.0 1.0 0.0 0.0 3.0 0.0
919.0091717719076 0.0 0.0 0.0 1.0 0.0 0.0 3.0 0.0
920.0091717719076 0.0 0.0 0.0 1.0 0.0 0.0 3.0 0.0
921.0091717719076 0.0 0.0 0.0 1.0 0.0 0.0 3.0 0.0
922.0049502650256 0.0 0.0 0.0 1.0 0.0 0.0 3.0 0.0
923.0037627719057 0.0 0.0 0.0 1.0 0.0 0.0 3.0 0.0
924.0091717719076 0.0 0.0 0.0 1.0 0.0 0.0 3.0 0.0
925.0091717719076 0.0 0.0 0.0 1.0 0.0 0.0 3.0 0.0
926.0091717719076 0.0 0.0 0.0 1.0 0.0 0.0 3.0 0.0
927.0091717719076 0.0 0.0 0.0 1.0 0.0 0.0 3.0 0.0
928.0091717719076 0.0 0.0 0.0 1.0 0.0 0.0 3.0 0.0
929.0091717719076 0.0 0.0 0.0 1.0 0.0 0.0 3.0 0.0
930.0089581146065 0.0 0.0 0.0 1.0 0.0 0.0 3.0 0.0
931.0091717719076 0.0 0.0 0.0 1.0 0.0 0.0 3.0 0.0
932.0011868473139 0.0 0.0 0.0 1.0 0.0 0.0 3.0 0.0
933.0051114846895 0.0 0.0 0.0 1.0 0.0 0.0 3.0 0.0
934.0091717719076 0.0 0.0 0.0 1.0 0.0 0.0 3.0 0.0
935.0091717719076 0.0 0.0 0.0 1.0 0.0 0.0 3.0 0.0
936.0091717719076 0.0 0.0 0.0 1.0 0.0 0.0 3.0 0.0
937.0091717719076 0.0 0.0 0.0 1.0 0.0 0.0 3.0 0.0
938.0091717719076 0.0 0.0 0.0 1.0 0.0 0.0 3.0 0.0
939.0091717719076 0.0 0.0 0.0 1.0 0.0 0.0 3.0 0.0
940.0091717719076 0.0 0.0 0.0 1.0 0.0 0.0 3.0 0.0
941.0068162090162 0.0 0.0 0.0 1.0 0.0 0.0 3.0 0.0
942.0091717719076 0.0 0.0 0.0 1.0 0.0 0.0 3.0 0.0
943.0091717719076 0.0 0.0 0.0 1.0 0.0 0.0 3.0 0.0
944.0091717719076 0.0 0.0 0.0 1.0 0.0 0.0 3.0 0.0
945.0091717719076 0.0 0.0 0.0 1.0 0.0 0.0 3.0 0.0
946.0087685590628 0.0 0.0 0.0 1.0 0.0 0.0 3.0 0.0
947.0088937371887 0.0 0.0 0.0 1.0 0.0 0.0 3.0 0.0
948.0091717719076 0.0 0.0 0.0 1.0 0.0 0.0 3.0 0.0
949.0091717719076 0.0 0.0 0.0 1.0 0.0 0.0 3.0 0.0
950.0091717719076 0.0 0.0 0.0 1.0 0.0 0.0 3.0 0.0
951.0091717719076 0.0 0.0 0.0 1.0 0.0 0.0 3.0 0.0
952.0019354318782 0.0 0.0 0.0 1.0 0.0 0.0 3.0 0.0
953.0091717719076 0.0 0.0 0.0 1.0 0.0 0.0 3.0 0.0
954.0091717719076 0.0 0.0 0.0 1.0 0.0 0.0 3.0 0.0
955.0091717719076 0.0 0.0 0.0 1.0 0.0 0.0 3.0 0.0
956.0091717719076 0.0 0.0 0.0 1.0 0.0 0.0 3.0 0.0
957.0091717719076 0.0 0.0 0.0 1.0 0.0 0.0 3.0 0.0
958.0091717719076 0.0 0.0 0.0 1.0 0.0 0.0 3.0 0.0
959.0091717719076 0.0 0.0 0.0 1.0 0.0 0.0 3.0 0.0
960.0091717719076 0.0 0.0 0.0 1.0 0.0 0.0 3.0 0.0
961.0091717719076 0.0 0.0 0.0 1.0 0.0 0.0 3.0 0.0
962.000775951081 0.0 0.0 0.0 1.0 0.0 0.0 3.0 0.0
963.0047138364829 0.0 0.0 0.0 1.0 0.0 0.0 3.0 0.0
964.0091717719076 0.0 0.0 0.0 1.0 0.0 0.0 3.0 0.0
965.0091717719076 0.0 0.0 0.0 1.0 0.0 0.0 3.0 0.0
966.0012949646293 0.0 0.0 0.0 1.0 0.0 0.0 3.0 0.0
967.0091717719076 0.0 0.0 0.0 1.0 0.0 0.0 3.0 0.0
968.0091717719076 0.0 0.0 0.0 1.0 0.0 0.0 3.0 0.0
969.0091717719076 0.0 0.0 0.0 1.0 0.0 0.0 3.0 0.0
970.0091717719076 0.0 0.0 0.0 1.0 0.0 0.0 3.0 0.0
971.0091717719076 0.0 0.0 0.0 1.0 0.0 0.0 3.0 0.0
972.0091717719076 0.0 0.0 0.0 1.0 0.0 0.0 3.0 0.0
973.0091717719076 0.0 0.0 0.0 1.0 0.0 0.0 3.0 0.0
974.0091717719076 0.0 0.0 0.0 1.0 0.0 0.0 3.0 0.0
975.0091717719076 0.0 0.0 0.0 1.0 0.0 0.0 3.0 0.0
976.0091717719076 0.0 0.0 0.0 1.0 0.0 0.0 3.0 0.0
977.0091717719076 0.0 0.0 0.0 1.0 0.0 0.0 3.0 0.0
978.0035456189029 0.0 0.0 0.0 1.0 0.0 0.0 3.0 0.0
979.0091717719076 0.0 0.0 0.0 1.0 0.0 0.0 3.0 0.0
980.0091717719076 0.0 0.0 0.0 1.0 0.0 0.0 3.0 0.0
981.0091717719076 0.0 0.0 0.0 1.0 0.0 0.0 3.0 0.0
982.0091717719076 0.0 0.0 0.0 1.0 0.0 0.0 3.0 0.0
983.0091717719076 0.0 0.0 0.0 1.0 0.0 0.0 3.0 0.0
984.0091717719076 0.0 0.0 0.0 1.0 0.0 0.0 3.0 0.0
985.0091717719076 0.0 0.0 0.0 1.0 0.0 0.0 3.0 0.0
986.0091717719076 0.0 0.0 0.0 1.0 0.0 0.0 3.0 0.0
987.0091717719076 0.0 0.0 0.0 1.0 0.0 0.0 3.0 0.0
988.0091717719076 0.0 0.0 0.0 1.0 0.0 0.0 3.0 0.0
989.0091717719076 0.0 0.0 0.0 1.0 0.0 0.0 3.0 0.0
990.0091717719076 0.0 0.0 0.0 1.0 0.0 0.0 3.0 0.0
991.0091717719076 0.0 0.0 0.0 1.0 0.0 0.0 3.0 0.0
992.0091717719076 0.0 0.0 0.0 1.0 0.0 0.0 3.0 0.0
993.0091717719076 0.0 0.0 0.0 1.0 0.0 0.0 3.0 0.0
994.0007244905817 0.0 0.0 0.0 1.0 0.0 0.0 3.0 0.0
995.0080539591264 0.0 0.0 0.0 1.0 0.0 0.0 3.0 0.0
996.0091717719076 0.0 0.0 0.0 1.0 0.0 0.0 3.0 0.0
997.0091717719076 0.0 0.0 0.0 1.0 0.0 0.0 3.0 0.0
998.0037100252406 0.0 0.0 0.0 1.0 0.0 0.0 3.0 0.0
999.0091717719076 0.0 0.0 0.0 1.0 0.0 0.0 3.0 0.0
1000.0056187286266 0.0 0.0 0.0 1.0 0.0 0.0 3.0 0.0
1001.0060803925155 0.0 0.0 0.0 1.0 0.0 0.0 3.0 0.0
1002.0082952958068 0.0 0.0 0.0 1.0 0.0 0.0 3.0 0.0
1003.0091717719076 0.0 0.0 0.0 1.0 0.0 0.0 3.0 0.0
1004.0091717719076 0.0 0.0 0.0 1.0 0.0 0.0 3.0 0.0
1005.0091717719076 0.0 0.0 0.0 1.0 0.0 0.0 3.0 0.0
1006.0091717719076 0.0 0.0 0.0 1.0 0.0 0.0 3.0 0.0
1007.000219051486 0.0 0.0 0.0 1.0 0.0 0.0 3.0 0.0
1008.0091717719076 0.0 0.0 0.0 1.0 0.0 0.0 3.0 0.0
1009.0091717719076 0.0 0.0 0.0 1.0 0.0 0.0 3.0 0.0
1010.0091717719076 0.0 0.0 0.0 1.0 0.0 0.0 3.0 0.0
1011.0091717719076 0.0 0.0 0.0 1.0 0.0 0.0 3.0 0.0
1012.0091717719076 0.0 0.0 0.0 1.0 0.0 0.0 3.0 0.0
1013.0060487407571 0.0 0.0 0.0 1.0 0.0 0.0 3.0 0.0
1014.0091717719076 0.0 0.0 0.0 1.0 0.0 0.0 3.0 0.0
1015.0091717719076 0.0 0.0 0.0 1.0 0.0 0.0 3.0 0.0
1016.0091717719076 0.0 0.0 0.0 1.0 0.0 0.0 3.0 0.0
1017.0091717719076 0.0 0.0 0.0 1.0 0.0 0.0 3.0 0.0
1018.0091717719076 0.0 0.0 0.0 1.0 0.0 0.0 3.0 0.0
1019.0091717719076 0.0 0.0 0.0 1.0 0.0 0.0 3.0 0.0
1020.0091717719076 0.0 0.0 0.0 1.0 0.0 0.0 3.0 0.0
1021.0031803952166 0.0 0.0 0.0 1.0 0.0 0.0 3.0 0.0
1022.0091717719076 0.0 0.0 0.0 1.0 0.0 0.0 3.0 0.0
1023.0091717719076 0.0 0.0 0.0 1.0 0.0 0.0 3.0 0.0
1024.0091717719076 0.0 0.0 0.0 1.0 0.0 0.0 3.0 0.0
1025.006703587448 0.0 0.0 0.0 1.0 0.0 0.0 3.0 0.0
1026.0091717719076 0.0 0.0 0.0 1.0 0.0 0.0 3.0 0.0
1027.0091717719076 0.0 0.0 0.0 1.0 0.0 0.0 3.0 0.0
1028.0091717719076 0.0 0.0 0.0 1.0 0.0 0.0 3.0 0.0
1029.0091717719076 0.0 0.0 0.0 1.0 0.0 0.0 3.0 0.0
1030.0091717719076 0.0 0.0 0.0 1.0 0.0 0.0 3.0 0.0
1031.0091717719076 0.0 0.0 0.0 1.0 0.0 0.0 3.0 0.0
1032.008373607981 0.0 0.0 0.0 1.0 0.0 0.0 3.0 0.0
1033.0091717719076 0.0 0.0 0.0 1.0 0.0 0.0 3.0 0.0
1034.0082793863176 0.0 0.0 0.0 1.0 0.0 0.0 3.0 0.0
1035.0091717719076 0.0 0.0 0.0 1.0 0.0 0.0 3.0 0.0
1036.006461969945 0.0 0.0 0.0 1.0 0.0 0.0 3.0 0.0
1037.0091717719076 0.0 0.0 0.0 1.0 0.0 0.0 3.0 0.0
1038.0091717719076 0.0 0.0 0.0 1.0 0.0 0.0 3.0 0.0
1039.0045226905002 0.0 0.0 0.0 1.0 0.0 0.0 3.0 0.0
1040.0091717719076 0.0 0.0 0.0 1.0 0.0 0.0 3.0 0.0
1041.0080167469364 0.0 0.0 0.0 1.0 0.0 0.0 3.0 0.0
1042.0091717719076 0.0 0.0 0.0 1.0 0.0 0.0 3.0 0.0
1043.0091717719076 0.0 0.0 0.0 1.0 0.0 0.0 3.0 0.0
1044.0091717719076 0.0 0.0 0.0 1.0 0.0 0.0 3.0 0.0
1045.0037537920036 0.0 0.0 0.0 1.0 0.0 0.0 3.0 0.0
1046.0038251626916 0.0 0.0 0.0 1.0 0.0 0.0 3.0 0.0
1047.0006417490588 0.0 0.0 0.0 1.0 0.0 0.0 3.0 0.0
1048.0091717719076 0.0 0.0 0.0 1.0 0.0 0.0 3.0 0.0
1049.0022349915166 0.0 0.0 0.0 1.0 0.0 0.0 3.0 0.0
1050.0091717719076 0.0 0.0 0.0 1.0 0.0 0.0 3.0 0.0
1051.0039058236546 0.0 0.0 0.0 1.0 0.0 0.0 3.0 0.0
1052.0091338431348 0.0 0.0 0.0 1.0 0.0 0.0 3.0 0.0
1053.0020315016613 0.0 0.0 0.0 1.0 0.0 0.0 3.0 0.0
1054.0091717719076 0.0 0.0 0.0 1.0 0.0 0.0 3.0 0.0
1055.0063087998212 0.0 0.0 0.0 1.0 0.0 0.0 3.0 0.0
1056.0024442212327 0.0 0.0 0.0 1.0 0.0 0.0 3.0 0.0
1057.0091717719076 0.0 0.0 0.0 1.0 0.0 0.0 3.0 0.0
1058.0090330995827 0.0 0.0 0.0 1.0 0.0 0.0 3.0 0.0
1059.0091717719076 0.0 0.0 0.0 1.0 0.0 0.0 3.0 0.0
1060.0091717719076 0.0 0.0 0.0 1.0 0.0 0.0 3.0 0.0
1061.0040232453728 0.0 0.0 0.0 1.0 0.0 0.0 3.0 0.0
1062.0091717719076 0.0 0.0 0.0 1.0 0.0 0.0 3.0 0.0
1063.0091717719076 0.0 0.0 0.0 1.0 0.0 0.0 3.0 0.0
1064.0091717719076 0.0 0.0 0.0 1.0 0.0 0.0 3.0 0.0
1065.0076213962702 0.0 0.0 0.0 1.0 0.0 0.0 3.0 0.0
1066.0091717719076 0.0 0.0 0.0 1.0 0.0 0.0 3.0 0.0
1067.0091717719076 0.0 0.0 0.0 1.0 0.0 0.0 3.0 0.0
1068.0091717719076 0.0 0.0 0.0 1.0 0.0 0.0 3.0 0.0
1069.0044395379964 0.0 0.0 0.0 1.0 0.0 0.0 3.0 0.0
1070.0091717719076 0.0 0.0 0.0 1.0 0.0 0.0 3.0 0.0
1071.0091717719076 0.0 0.0 0.0 1.0 0.0 0.0 3.0 0.0
1072.002860386831 0.0 0.0 0.0 1.0 0.0 0.0 3.0 0.0
1073.008293341887 0.0 0.0 0.0 1.0 0.0 0.0 3.0 0.0
1074.0091717719076 0.0 0.0 0.0 1.0 0.0 0.0 3.0 0.0
1075.0091717719076 0.0 0.0 0.0 1.0 0.0 0.0 3.0 0.0
1076.0091717719076 0.0 0.0 0.0 1.0 0.0 0.0 3.0 0.0
1077.0091717719076 0.0 0.0 0.0 1.0 0.0 0.0 3.0 0.0
1078.0091717719076 0.0 0.0 0.0 1.0 0.0 0.0 3.0 0.0
1079.0091717719076 0.0 0.0 0.0 1.0 0.0 0.0 3.0 0.0
1080.0023288797165 0.0 0.0 0.0 1.0 0.0 0.0 3.0 0.0
1081.0091717719076 0.0 0.0 0.0 1.0 0.0 0.0 3.0 0.0
1082.0066325182147 0.0 0.0 0.0 1.0 0.0 0.0 3.0 0.0
1083.0072130156361 0.0 0.0 0.0 1.0 0.0 0.0 3.0 0.0
1084.0091717719076 0.0 0.0 0.0 1.0 0.0 0.0 3.0 0.0
1085.001820967609 0.0 0.0 0.0 1.0 0.0 0.0 3.0 0.0
1086.0091717719076 0.0 0.0 0.0 1.0 0.0 0.0 3.0 0.0
1087.0091717719076 0.0 0.0 0.0 1.0 0.0 0.0 3.0 0.0
1088.0091717719076 0.0 0.0 0.0 1.0 0.0 0.0 3.0 0.0
1089.0091717719076 0.0 0.0 0.0 1.0 0.0 0.0 3.0 0.0
1090.0091717719076 0.0 0.0 0.0 1.0 0.0 0.0 3.0 0.0
1091.0091717719076 0.0 0.0 0.0 1.0 0.0 0.0 3.0 0.0
1092.0071861906342 0.0 0.0 0.0 1.0 0.0 0.0 3.0 0.0
1093.0091717719076 0.0 0.0 0.0 1.0 0.0 0.0 3.0 0.0
1094.0091717719076 0.0 0.0 0.0 1.0 0.0 0.0 3.0 0.0
1095.000424390219 0.0 0.0 0.0 1.0 0.0 0.0 3.0 0.0
1096.0091717719076 0.0 0.0 0.0 1.0 0.0 0.0 3.0 0.0
1097.0091717719076 0.0 0.0 0.0 1.0 0.0 0.0 3.0 0.0
1098.0091717719076 0.0 0.0 0.0 1.0 0.0 0.0 3.0 0.0
1099.0091717719076 0.0 0.0 0.0 1.0 0.0 0.0 3.0 0.0
1100.0 0.0 0.0 0.0 1.0 0.0 1.0 3.0 0.0
1101.001594583493 0.775 0.0 0.0 0.225 0.0 1.0 3.05 0.3402439024390244
1102.0091717719076 1.0 0.0 0.0 0.0 0.0 1.0 3.825 0.0
1103.0091717719076 1.0 0.0 0.0 0.0 0.0 1.0 4.6 0.0
1104.0091717719076 1.0 0.0 0.0 0.0 0.0 1.0 5.0 0.0
1105.0091717719076 1.0 0.0 0.0 0.0 0.0 1.0 5.0 0.0
1106.0091717719076 1.0 0.0 0.0 0.0 0.0 1.0 5.0 0.0
1107.0091717719076 1.0 0.0 0.0 0.0 0.0 1.0 5.0 0.0
1108.0091717719076 1.0 0.0 0.0 0.0 0.0 1.0 5.0 0.0
1109.0091717719076 1.0 0.0 0.0 0.0 0.0 1.0 5.0 0.0
1110.0013203483934 1.0 0.0 0.0 0.0 0.0 1.0 5.0 0.0
1111.0091717719076 1.0 0.0 0.0 0.0 0.0 1.0 5.0 0.0
1112.0091717719076 1.0 0.0 0.0 0.0 0.0 1.0 5.0 0.0
1113.0091717719076 1.0 0.0 0.0 0.0 0.0 1.0 5.0 0.0
1114.0047789926623 1.0 0.0 0.0 0.0 0.0 1.0 5.0 0.0
1115.0091717719076 1.0 0.0 0.0 0.0 0.0 1.0 5.0 0.0
1116.0091717719076 1.0 0.0 0.0 0.0 0.0 1.0 5.0 0.0
1117.0091717719076 1.0 0.0 0.0 0.0 0.0 1.0 5.0 0.0
1118.0035614897113 1.0 0.0 0.0 0.0 0.0 1.0 5.0 0.0
1119.0008985066913 1.0 0.0 0.0 0.0 0.0 1.0 5.0 0.0
1120.0091717719076 1.0 0.0 0.0 0.0 0.0 1.0 5.0 0.0
1121.0091717719076 1.0 0.0 0.0 0.0 0.0 1.0 5.0 0.0
1122.0091717719076 1.0 0.0 0.0 0.0 0.0 1.0 5.0 0.0
1123.0091717719076 1.0 0.0 0.0 0.0 0.0 1.0 5.0 0.0
1124.0091717719076 1.0 0.0 0.0 0.0 0.0 1.0 5.0 0.0
1125.0003714269799 1.0 0.0 0.0 0.0 0.0 1.0 5.0 0.0
1126.0091717719076 1.0 0.0 0.0 0.0 0.0 1.0 5.0 0.0
1127.0091717719076 1.0 0.0 0.0 0.0 0.0 1.0 5.0 0.0
1128.0091717719076 1.0 0.0 0.0 0.0 0.0 1.0 5.0 0.0
1129.0091717719076 1.0 0.0 0.0 0.0 0.0 1.0 5.0 0.0
1130.0001218936163 1.0 0.0 0.0 0.0 0.0 1.0 5.0 0.0
1131.0091717719076 1.0 0.0 0.0 0.0 0.0 1.0 5.0 0.0
1132.0091717719076 1.0 0.0 0.0 0.0 0.0 1.0 5.0 0.0
1133.0091717719076 1.0 0.0 0.0 0.0 0.0 1.0 5.0 0.0
1134.0091717719076 1.0 0.0 0.0 0.0 0.0 1.0 5.0 0.0
1135.0091717719076 1.0 0.0 0.0 0.0 0.0 1.0 5.0 0.0
1136.0091717719076 1.0 0.0 0.0 0.0 0.0 1.0 5.0 0.0
1137.0091717719076 1.0 0.0 0.0 0.0 0.0 1.0 5.0 0.0
1138.006534730177 1.0 0.0 0.0 0.0 0.0 1.0 5.0 0.0
1139.0091717719076 1.0 0.0 0.0 0.0 0.0 1.0 5.0 0.0
1140.0091717719076 1.0 0.0 0.0 0.0 0.0 1.0 5.0 0.0
1141.0091717719076 1.0 0.0 0.0 0.0 0.0 1.0 5.0 0.0
1142.0091717719076 1.0 0.0 0.0 0.0 0.0 1.0 5.0 0.0
1143.002762253551 1.0 0.0 0.0 0.0 0.0 1.0 5.0 0.0
1144.0091717719076 1.0 0.0 0.0 0.0 0.0 1.0 5.0 0.0
1145.0091717719076 1.0 0.0 0.0 0.0 0.0 1.0 5.0 0.0
1146.0091717719076 1.0 0.0 0.0 0.0 0.0 1.0 5.0 0.0
1147.0052267342594 1.0 0.0 0.0 0.0 0.0 1.0 5.0 0.0
1148.0091717719076 1.0 0.0 0.0 0.0 0.0 1.0 5.0 0.0
1149.0079839973034 1.0 0.0 0.0 0.0 0.0 1.0 5.0 0.0
1150.0091717719076 1.0 0.0 0.0 0.0 0.0 1.0 5.0 0.0
1151.0091717719076 1.0 0.0 0.0 0.0 0.0 1.0 5.0 0.0
1152.001753333645 1.0 0.0 0.0 0.0 0.0 1.0 5.0 0.0
1153.0091717719076 1.0 0.0 0.0 0.0 0.0 1.0 5.0 0.0
1154.0091717719076 1.0 0.0 0.0 0.0 0.0 1.0 5.0 0.0
1155.006957089644 1.0 0.0 0.0 0.0 0.0 1.0 5.0 0.0
1156.0091717719076 1.0 0.0 0.0 0.0 0.0 1.0 5.0 0.0
1157.0091717719076 1.0 0.0 0.0 0.0 0.0 1.0 5.0 0.0
1158.0091717719076 1.0 0.0 0.0 0.0 0.0 1.0 5.0 0.0
1159.0015101000506 1.0 0.0 0.0 0.0 0.0 1.0 5.0 0.0
1160.0091717719076 1.0 0.0 0.0 0.0 0.0 1.0 5.0 0.0
1161.0091717719076 1.0 0.0 0.0 0.0 0.0 1.0 5.0 0.0
1162.0091717719076 1.0 0.0 0.0 0.0 0.0 1.0 5.0 0.0
1163.0067753285084 1.0 0.0 0.0 0.0 0.0 1.0 5.0 0.0
1164.0091717719076 1.0 0.0 0.0 0.0 0.0 1.0 5.0 0.0
1165.0091717719076 1.0 0.0 0.0 0.0 0.0 1.0 5.0 0.0
1166.005999358363 1.0 0.0 0.0 0.0 0.0 1.0 5.0 0.0
1167.0091717719076 1.0 0.0 0.0 0.0 0.0 1.0 5.0 0.0
1168.0091717719076 1.0 0.0 0.0 0.0 0.0 1.0 5.0 0.0
1169.0025854904284 1.0 0.0 0.0 0.0 0.0 1.0 5.0 0.0
1170.0042624837738 1.0 0.0 0.0 0.0 0.0 1.0 5.0 0.0
1171.0091717719076 1.0 0.0 0.0 0.0 0.0 1.0 5.0 0.0
1172.0091717719076 1.0 0.0 0.0 0.0 0.0 1.0 5.0 0.0
1173.0091717719076 1.0 0.0 0.0 0.0 0.0 1.0 5.0 0.0
1174.001262210325 1.0 0.0 0.0 0.0 0.0 1.0 5.0 0.0
1175.008253734208 1.0 0.0 0.0 0.0 0.0 1.0 5.0 0.0
1176.0091717719076 1.0 0.0 0.0 0.0 0.0 1.0 5.0 0.0
1177.0091717719076 1.0 0.0 0.0 0.0 0.0 1.0 5.0 0.0
1178.0034704314924 1.0 0.0 0.0 0.0 0.0 1.0 5.0 0.0
1179.0091717719076 1.0 0.0 0.0 0.0 0.0 1.0 5.0 0.0
1180.0091717719076 1.0 0.0 0.0 0.0 0.0 1.0 5.0 0.0
1181.0001139248093 1.0 0.0 0.0 0.0 0.0 1.0 5.0 0.0
1182.0091717719076 1.0 0.0 0.0 0.0 0.0 1.0 5.0 0.0
1183.0091717719076 1.0 0.0 0.0 0.0 0.0 1.0 5.0 0.0
1184.0091717719076 1.0 0.0 0.0 0.0 0.0 1.0 5.0 0.0
1185.0091717719076 1.0 0.0 0.0 0.0 0.0 1.0 5.0 0.0
1186.0091717719076 1.0 0.0 0.0 0.0 0.0 1.0 5.0 0.0
1187.004996397775 1.0 0.0 0.0 0.0 0.0 1.0 5.0 0.0
1188.0091717719076 1.0 0.0 0.0 0.0 0.0 1.0 5.0 0.0
1189.0091717719076 1.0 0.0 0.0 0.0 0.0 1.0 5.0 0.0
1190.0091717719076 1.0 0.0 0.0 0.0 0.0 1.0 5.0 0.0
1191.0091717719076 1.0 0.0 0.0 0.0 0.0 1.0 5.0 0.0
1192.0091717719076 1.0 0.0 0.0 0.0 0.0 1.0 5.0 0.0
1193.0056025054457 1.0 0.0 0.0 0.0 0.0 1.0 5.0 0.0
1194.0026808527555 1.0 0.0 0.0 0.0 0.0 1.0 5.0 0.0
1195.0091717719076 1.0 0.0 0.0 0.0 0.0 1.0 5.0 0.0
1196.0091717719076 1.0 0.0 0.0 0.0 0.0 1.0 5.0 0.0
1197.0005799707162 1.0 0.0 0.0 0.0 0.0 1.0 5.0 0.0
1198.0091717719076 1.0 0.0 0.0 0.0 0.0 1.0 5.0 0.0
1199.0091717719076 1.0 0.0 0.0 0.0 0.0 1.0 5.0 0.0
1200.0 1.0 0.0 0.0 0.0 0.0 1.0 5.0 0.0
1201.0 0.35 0.0 0.65 0.0 0.0 1.0 5.0 0.44390243902439025
1202.0 0.07500000000000001 0.0 0.925 0.0 0.0 1.0 5.525 0.1353658536585366
1203.0 0.0 0.0 1.0 0.0 0.0 1.0 6.475 0.0
1204.0 0.0 0.0 1.0 0.0 0.0 1.0 6.825 0.0
1205.0 0.0 0.0 1.0 0.0 0.0 1.0 6.975 0.0
1206.0 0.0 0.0 1.0 0.0 0.0 1.0 7.0 0.0
1207.0 0.0 0.0 1.0 0.0 0.0 1.0 7.0 0.0
1208.0 0.0 0.0 1.0 0.0 0.0 1.0 7.0 0.0
1209.0 0.0 0.0 1.0 0.0 0.0 1.0 7.0 0.0
1210.0 0.0 0.0 1.0 0.0 0.0 1.0 7.0 0.0
1211.0 0.0 0.0 1.0 0.0 0.0 1.0 7.0 0.0
1212.0 0.0 0.0 1.0 0.0 0.0 1.0 7.0 0.0
1213.0 0.0 0.0 1.0 0.0 0.0 1.0 7.0 0.0
1214.0 0.0 0.0 1.0 0.0 0.0 1.0 7.0 0.0
1215.0 0.0 0.0 1.0 0.0 0.0 1.0 7.0 0.0
1216.0 0.0 0.0 1.0 0.0 0.0 1.0 7.0 0.0
1217.0 0.0 0.0 1.0 0.0 0.0 1.0 7.0 0.0
1218.0 0.0 0.0 1.0 0.0 0.0 1.0 7.0 0.0
1219.0 0.0 0.0 1.0 0.0 0.0 1.0 7.0 0.0
1220.0 0.0 0.0 1.0 0.0 0.0 1.0 7.0 0.0
1221.0 0.0 0.0 1.0 0.0 0.0 1.0 7.0 0.0
1222.0 0.0 0.0 1.0 0.0 0.0 1.0 7.0 0.0
1223.0 0.0 0.0 1.0 0.0 0.0 1.0 7.0 0.0
1224.0 0.0 0.0 1.0 0.0 0.0 1.0 7.0 0.0
1225.0 0.0 0.0 1.0 0.0 0.0 1.0 7.0 0.0
1226.0 0.0 0.0 1.0 0.0 0.0 1.0 7.0 0.0
1227.0 0.0 0.0 1.0 0.0 0.0 1.0 7.0 0.0
1228.0 0.0 0.0 1.0 0.0 0.0 1.0 7.0 0.0
1229.0 0.0 0.0 1.0 0.0 0.0 1.0 7.0 0.0
1230.0 0.0 0.0 1.0 0.0 0.0 1.0 7.0 0.0
1231.0 0.0 0.0 1.0 0.0 0.0 1.0 7.0 0.0
1232.0 0.0 0.0 1.0 0.0 0.0 1.0 7.0 0.0
1233.0 0.0 0.0 1.0 0.0 0.0 1.0 7.0 0.0
1234.0 0.0 0.0 1.0 0.0 0.0 1.0 7.0 0.0
1235.0 0.0 0.0 1.0 0.0 0.0 1.0 7.0 0.0
1236.0 0.0 0.0 1.0 0.0 0.0 1.0 7.0 0.0
1237.0 0.0 0.0 1.0 0.0 0.0 1.0 7.0 0.0
1238.0 0.0 0.0 1.0 0.0 0.0 1.0 7.0 0.0
1239.0 0.0 0.0 1.0 0.0 0.0 1.0 7.0 0.0
1240.0 0.0 0.0 1.0 0.0 0.0 1.0 7.0 0.0
1241.0 0.0 0.0 1.0 0.0 0.0 1.0 7.0 0.0
1242.0 0.0 0.0 1.0 0.0 0.0 1.0 7.0 0.0
1243.0 0.0 0.0 1.0 0.0 0.0 1.0 7.0 0.0
1244.0 0.0 0.0 1.0 0.0 0.0 1.0 7.0 0.0
1245.0 0.0 0.0 1.0 0.0 0.0 1.0 7.0 0.0
1246.0 0.0 0.0 1.0 0.0 0.0 1.0 7.0 0.0
1247.0 0.0 0.0 1.0 0.0 0.0 1.0 7.0 0.0
1248.0 0.0 0.0 1.0 0.0 0.0 1.0 7.0 0.0
1249.0 0.0 0.0 1.0 0.0 0.0 1.0 7.0 0.0
1250.0 0.0 0.0 1.0 0.0 0.0 1.0 7.0 0.0
1251.0 0.0 0.0 1.0 0.0 0.0 1.0 7.0 0.0
1252.0 0.0 0.0 1.0 0.0 0.0 1.0 7.0 0.0
1253.0 0.0 0.0 1.0 0.0 0.0 1.0 7.0 0.0
1254.0 0.0 0.0 1.0 0.0 0.0 1.0 7.0 0.0
1255.0 0.0 0.0 1.0 0.0 0.0 1.0 7.0 0.0
1256.0 0.0 0.0 1.0 0.0 0.0 1.0 7.0 0.0
1257.0 0.0 0.0 1.0 0.0 0.0 1.0 7.0 0.0
1258.0 0.0 0.0 1.0 0.0 0.0 1.0 7.0 0.0
1259.0 0.0 0.0 1.0 0.0 0.0 1.0 7.0 0.0
1260.0 0.0 0.0 1.0 0.0 0.0 1.0 7.0 0.0
1261.0 0.0 0.0 1.0 0.0 0.0 1.0 7.0 0.0
1262.0 0.0 0.0 1.0 0.0 0.0 1.0 7.0 0.0
1263.0 0.0 0.0 1.0 0.0 0.0 1.0 7.0 0.0
1264.0 0.0 0.0 1.0 0.0 0.0 1.0 7.0 0.0
1265.0 0.0 0.0 1.0 0.0 0.0 1.0 7.0 0.0
1266.0 0.0 0.0 1.0 0.0 0.0 1.0 7.0 0.0
1267.0 0.0 0.0 1.0 0.0 0.0 1.0 7.0 0.0
1268.0 0.0 0.0 1.0 0.0 0.0 1.0 7.0 0.0
1269.0 0.0 0.0 1.0 0.0 0.0 1.0 7.0 0.0
1270.0 0.0 0.0 1.0 0.0 0.0 1.0 7.0 0.0
1271.0 0.0 0.0 1.0 0.0 0.0 1.0 7.0 0.0
1272.0 0.0 0.0 1.0 0.0 0.0 1.0 7.0 0.0
1273.0 0.0 0.0 1.0 0.0 0.0 1.0 7.0 0.0
1274.0 0.0 0.0 1.0 0.0 0.0 1.0 7.0 0.0
1275.0 0.0 0.0 1.0 0.0 0.0 1.0 7.0 0.0
1276.0 0.0 0.0 1.0 0.0 0.0 1.0 7.0 0.0
1277.0 0.0 0.0 1.0 0.0 0.0 1.0 7.0 0.0
1278.0 0.0 0.0 1.0 0.0 0.0 1.0 7.0 0.0
1279.0 0.0 0.0 1.0 0.0 0.0 1.0 7.0 0.0
1280.0 0.0 0.0 1.0 0.0 0.0 1.0 7.0 0.0
1281.0 0.0 0.0 1.0 0.0 0.0 1.0 7.0 0.0
1282.0 0.0 0.0 0.275 0.725 0.0 0.0 7.05 0.38902439024390245
1283.0091717719076 0.0 0.0 0.049999999999999996 0.95 0.0 0.0 7.775 0.09268292682926829
1284.0091717719076 0.0 0.0 0.0 1.0 0.0 0.0 8.775 0.0
1285.005165548359 0.0 0.0 0.0 1.0 0.0 0.0 8.975 0.0
1286.0091717719076 0.0 0.0 0.0 1.0 0.0 0.0 9.0 0.0
1287.0075453402405 0.0 0.0 0.0 1.0 0.0 0.0 9.0 0.0
1288.0091717719076 0.0 0.0 0.0 1.0 0.0 0.0 9.0 0.0
1289.0091717719076 0.0 0.0 0.0 1.0 0.0 0.0 9.0 0.0
1290.0079480143368 0.0 0.0 0.0 1.0 0.0 0.0 9.0 0.0
1291.0040145546634 0.0 0.0 0.0 1.0 0.0 0.0 9.0 0.0
1292.0091717719076 0.0 0.0 0.0 1.0 0.0 0.0 9.0 0.0
1293.0052638654029 0.0 0.0 0.0 1.0 0.0 0.0 9.0 0.0
1294.0048810063843 0.0 0.0 0.0 1.0 0.0 0.0 9.0 0.0
1295.0091717719076 0.0 0.0 0.0 1.0 0.0 0.0 9.0 0.0
1296.0091717719076 0.0 0.0 0.0 1.0 0.0 0.0 9.0 0.0
1297.0001160773193 0.0 0.0 0.0 1.0 0.0 0.0 9.0 0.0
1298.0054208545223 0.0 0.0 0.0 1.0 0.0 0.0 9.0 0.0
1299.0091717719076 0.0 0.0 0.0 1.0 0.0 0.0 9.0 0.0
1300.0091717719076 0.0 0.0 0.0 1.0 0.0 0.0 9.0 0.0
1301.0005620764562 0.0 0.0 0.0 1.0 0.0 0.0 9.0 0.0
1302.0091717719076 0.0 0.0 0.0 1.0 0.0 0.0 9.0 0.0
1303.0030443666583 0.0 0.0 0.0 1.0 0.0 0.0 9.0 0.0
1304.003593842449 0.0 0.0 0.0 1.0 0.0 0.0 9.0 0.0
1305.0091717719076 0.0 0.0 0.0 1.0 0.0 0.0 9.0 0.0
1306.0091717719076 0.0 0.0 0.0 1.0 0.0 0.0 9.0 0.0
1307.0091717719076 0.0 0.0 0.0 1.0 0.0 0.0 9.0 0.0
1308.0091717719076 0.0 0.0 0.0 1.0 0.0 0.0 9.0 0.0
1309.0091717719076 0.0 0.0 0.0 1.0 0.0 0.0 9.0 0.0
1310.0091717719076 0.0 0.0 0.0 1.0 0.0 0.0 9.0 0.0
1311.0074065456765 0.0 0.0 0.0 1.0 0.0 0.0 9.0 0.0
1312.0091717719076 0.0 0.0 0.0 1.0 0.0 0.0 9.0 0.0
1313.0091717719076 0.0 0.0 0.0 1.0 0.0 0.0 9.0 0.0
1314.0091717719076 0.0 0.0 0.0 1.0 0.0 0.0 9.0 0.0
1315.0071052980697 0.0 0.0 0.0 1.0 0.0 0.0 9.0 0.0
1316.0039442939878 0.0 0.0 0.0 1.0 0.0 0.0 9.0 0.0
1317.0036425106339 0.0 0.0 0.0 1.0 0.0 0.0 9.0 0.0
1318.0091717719076 0.0 0.0 0.0 1.0 0.0 0.0 9.0 0.0
1319.0091717719076 0.0 0.0 0.0 1.0 0.0 0.0 9.0 0.0
1320.0091717719076 0.0 0.0 0.0 1.0 0.0 0.0 9.0 0.0
1321.0084979273913 0.0 0.0 0.0 1.0 0.0 0.0 9.0 0.0
1322.0091717719076 0.0 0.0 0.0 1.0 0.0 0.0 9.0 0.0
1323.0091717719076 0.0 0.0 0.0 1.0 0.0 0.0 9.0 0.0
1324.0091717719076 0.0 0.0 0.0 1.0 0.0 0.0 9.0 0.0
1325.0032386769499 0.0 0.0 0.0 1.0 0.0 0.0 9.0 0.0
1326.0091717719076 0.0 0.0 0.0 1.0 0.0 0.0 9.0 0.0
1327.0091717719076 0.0 0.0 0.0 1.0 0.0 0.0 9.0 0.0
1328.0091717719076 0.0 0.0 0.0 1.0 0.0 0.0 9.0 0.0
1329.0091717719076 0.0 0.0 0.0 1.0 0.0 0.0 9.0 0.0
1330.0091717719076 0.0 0.0 0.0 1.0 0.0 0.0 9.0 0.0
1331.0091717719076 0.0 0.0 0.0 1.0 0.0 0.0 9.0 0.0
1332.0091717719076 0.0 0.0 0.0 1.0 0.0 0.0 9.0 0.0
1333.0091717719076 0.0 0.0 0.0 1.0 0.0 0.0 9.0 0.0
1334.0091717719076 0.0 0.0 0.0 1.0 0.0 0.0 9.0 0.0
1335.0091717719076 0.0 0.0 0.0 1.0 0.0 0.0 9.0 0.0
1336.0091717719076 0.0 0.0 0.0 1.0 0.0 0.0 9.0 0.0
1337.0091717719076 0.0 0.0 0.0 1.0 0.0 0.0 9.0 0.0
1338.0091717719076 0.0 0.0 0.0 1.0 0.0 0.0 9.0 0.0
1339.000499855413 0.0 0.0 0.0 1.0 0.0 0.0 9.0 0.0
1340.0091717719076 0.0 0.0 0.0 1.0 0.0 0.0 9.0 0.0
1341.0091717719076 0.0 0.0 0.0 1.0 0.0 0.0 9.0 0.0
1342.0091717719076 0.0 0.0 0.0 1.0 0.0 0.0 9.0 0.0
1343.0033992176936 0.0 0.0 0.0 1.0 0.0 0.0 9.0 0.0
1344.0091717719076 0.0 0.0 0.0 1.0 0.0 0.0 9.0 0.0
1345.002234185409 0.0 0.0 0.0 1.0 0.0 0.0 9.0 0.0
1346.0091717719076 0.0 0.0 0.0 1.0 0.0 0.0 9.0 0.0
1347.0091717719076 0.0 0.0 0.0 1.0 0.0 0.0 9.0 0.0
1348.0016641736352 0.0 0.0 0.0 1.0 0.0 0.0 9.0 0.0
1349.0091717719076 0.0 0.0 0.0 1.0 0.0 0.0 9.0 0.0
1350.0091717719076 0.0 0.0 0.0 1.0 0.0 0.0 9.0 0.0
1351.0091717719076 0.0 0.0 0.0 1.0 0.0 0.0 9.0 0.0
1352.0091717719076 0.0 0.0 0.0 1.0 0.0 0.0 9.0 0.0
1353.0091717719076 0.0 0.0 0.0 1.0 0.0 0.0 9.0 0.0
1354.0091717719076 0.0 0.0 0.0 1.0 0.0 0.0 9.0 0.0
1355.0091717719076 0.0 0.0 0.0 1.0 0.0 0.0 9.0 0.0
1356.0091717719076 0.0 0.0 0.0 1.0 0.0 0.0 9.0 0.0
1357.0091717719076 0.0 0.0 0.0 1.0 0.0 0.0 9.0 0.0
1358.0091717719076 0.0 0.0 0.0 1.0 0.0 0.0 9.0 0.0
1359.0091717719076 0.0 0.0 0.0 1.0 0.0 0.0 9.0 0.0
1360.0091717719076 0.0 0.0 0.0 1.0 0.0 0.0 9.0 0.0
1361.0091717719076 0.0 0.0 0.0 1.0 0.0 0.0 9.0 0.0
1362.0091717719076 0.0 0.0 0.0 1.0 0.0 0.0 9.0 0.0
1363.0091717719076 0.0 0.0 0.0 1.0 0.0 0.0 9.0 0.0
1364.0091717719076 0.0 0.0 0.0 1.0 0.0 0.0 9.0 0.0
1365.0056430656057 0.0 0.0 0.0 1.0 0.0 0.0 9.0 0.0
1366.0091717719076 0.0 0.0 0.0 1.0 0.0 0.0 9.0 0.0
1367.0067702551985 0.0 0.0 0.0 1.0 0.0 0.0 9.0 0.0
1368.0058343569203 0.0 0.0 0.0 1.0 0.0 0.0 9.0 0.0
1369.0091717719076 0.0 0.0 0.0 1.0 0.0 0.0 9.0 0.0
1370.0091717719076 0.0 0.0 0.0 1.0 0.0 0.0 9.0 0.0
1371.0091717719076 0.0 0.0 0.0 1.0 0.0 0.0 9.0 0.0
1372.0091717719076 0.0 0.0 0.0 1.0 0.0 0.0 9.0 0.0
1373.0091717719076 0.0 0.0 0.0 1.0 0.0 0.0 9.0 0.0
1374.0091717719076 0.0 0.0 0.0 1.0 0.0 0.0 9.0 0.0
1375.0018080199266 0.0 0.0 0.0 1.0 0.0 0.0 9.0 0.0
1376.0091717719076 0.0 0.0 0.0 1.0 0.0 0.0 9.0 0.0
1377.0091717719076 0.0 0.0 0.0 1.0 0.0 0.0 9.0 0.0
1378.0091717719076 0.0 0.0 0.0 1.0 0.0 0.0 9.0 0.0
1379.0091717719076 0.0 0.0 0.0 1.0 0.0 0.0 9.0 0.0
1380.0091717719076 0.0 0.0 0.0 1.0 0.0 0.0 9.0 0.0
1381.0091717719076 0.0 0.0 0.0 1.0 0.0 0.0 9.0 0.0
1382.001460391536 0.0 0.0 0.0 1.0 0.0 0.0 9.0 0.0
1383.0091717719076 0.0 0.0 0.0 1.0 0.0 0.0 9.0 0.0
1384.0091717719076 0.0 0.0 0.0 1.0 0.0 0.0 9.0 0.0
1385.0091717719076 0.0 0.0 0.0 1.0 0.0 0.0 9.0 0.0
1386.0091717719076 0.0 0.0 0.0 1.0 0.0 0.0 9.0 0.0
1387.0091717719076 0.0 0.0 0.0 1.0 0.0 0.0 9.0 0.0
1388.0091717719076 0.0 0.0 0.0 1.0 0.0 0.0 9.0 0.0
1389.0091717719076 0.0 0.0 0.0 1.0 0.0 0.0 9.0 0.0
1390.0091717719076 0.0 0.0 0.0 1.0 0.0 0.0 9.0 0.0
1391.0071527389173 0.0 0.0 0.0 1.0 0.0 0.0 9.0 0.0
1392.0091717719076 0.0 0.0 0.0 1.0 0.0 0.0 9.0 0.0
1393.0026768408457 0.0 0.0 0.0 1.0 0.0 0.0 9.0 0.0
1394.0091717719076 0.0 0.0 0.0 1.0 0.0 0.0 9.0 0.0
1395.0091717719076 0.0 0.0 0.0 1.0 0.0 0.0 9.0 0.0
1396.0091717719076 0.0 0.0 0.0 1.0 0.0 0.0 9.0 0.0
1397.0091717719076 0.0 0.0 0.0 1.0 0.0 0.0 9.0 0.0
1398.0091717719076 0.0 0.0 0.0 1.0 0.0 0.0 9.0 0.0
1399.0091717719076 0.0 0.0 0.0 1.0 0.0 0.0 9.0 0.0
1400.0091717719076 0.0 0.0 0.0 1.0 0.0 0.0 9.0 0.0
1401.0091717719076 0.0 0.0 0.0 1.0 0.0 0.0 9.0 0.0
1402.0091717719076 0.0 0.0 0.0 1.0 0.0 0.0 9.0 0.0
1403.0091717719076 0.0 0.0 0.0 1.0 0.0 0.0 9.0 0.0
1404.0091717719076 0.0 0.0 0.0 1.0 0.0 0.0 9.0 0.0
1405.0091717719076 0.0 0.0 0.0 1.0 0.0 0.0 9.0 0.0
1406.0091717719076 0.0 0.0 0.0 1.0 0.0 0.0 9.0 0.0
1407.0082143458228 0.0 0.0 0.0 1.0 0.0 0.0 9.0 0.0
1408.0091717719076 0.0 0.0 0.0 1.0 0.0 0.0 9.0 0.0
1409.0091717719076 0.0 0.0 0.0 1.0 0.0 0.0 9.0 0.0
1410.0091717719076 0.0 0.0 0.0 1.0 0.0 0.0 9.0 0.0
1411.0091717719076 0.0 0.0 0.0 1.0 0.0 0.0 9.0 0.0
1412.0091717719076 0.0 0.0 0.0 1.0 0.0 0.0 9.0 0.0
1413.0091717719076 0.0 0.0 0.0 1.0 0.0 0.0 9.0 0.0
1414.0044048595623 0.0 0.0 0.0 1.0 0.0 0.0 9.0 0.0
1415.0091717719076 0.0 0.0 0.0 1.0 0.0 0.0 9.0 0.0
1416.0091717719076 0.0 0.0 0.0 1.0 0.0 0.0 9.0 0.0
1417.001166248414 0.0 0.0 0.0 1.0 0.0 0.0 9.0 0.0
1418.0091717719076 0.0 0.0 0.0 1.0 0.0 0.0 9.0 0.0
1419.0091717719076 0.0 0.0 0.0 1.0 0.0 0.0 9.0 0.0
1420.0091717719076 0.0 0.0 0.0 1.0 0.0 0.0 9.0 0.0
1421.0091717719076 0.0 0.0 0.0 1.0 0.0 0.0 9.0 0.0
1422.0091717719076 0.0 0.0 0.0 1.0 0.0 0.0 9.0 0.0
1423.0091717719076 0.0 0.0 0.0 1.0 0.0 0.0 9.0 0.0
1424.0091717719076 0.0 0.0 0.0 1.0 0.0 0.0 9.0 0.0
1425.0091717719076 0.0 0.0 0.0 1.0 0.0 0.0 9.0 0.0
1426.0091717719076 0.0 0.0 0.0 1.0 0.0 0.0 9.0 0.0
1427.0091717719076 0.0 0.0 0.0 1.0 0.0 0.0 9.0 0.0
1428.0091717719076 0.0 0.0 0.0 1.0 0.0 0.0 9.0 0.0
1429.0091717719076 0.0 0.0 0.0 1.0 0.0 0.0 9.0 0.0
1430.0091717719076 0.0 0.0 0.0 1.0 0.0 0.0 9.0 0.0
1431.0091717719076 0.0 0.0 0.0 1.0 0.0 0.0 9.0 0.0
1432.0091717719076 0.0 0.0 0.0 1.0 0.0 0.0 9.0 0.0
1433.0086515102812 0.0 0.0 0.0 1.0 0.0 0.0 9.0 0.0
1434.0091717719076 0.0 0.0 0.0 1.0 0.0 0.0 9.0 0.0
1435.0081109811201 0.0 0.0 0.0 1.0 0.0 0.0 9.0 0.0
1436.0009008667198 0.0 0.0 0.0 1.0 0.0 0.0 9.0 0.0
1437.0021120591007 0.0 0.0 0.0 1.0 0.0 0.0 9.0 0.0
1438.0091717719076 0.0 0.0 0.0 1.0 0.0 0.0 9.0 0.0
1439.005016884252 0.0 0.0 0.0 1.0 0.0 0.0 9.0 0.0
1440.0091717719076 0.0 0.0 0.0 1.0 0.0 0.0 9.0 0.0
1441.0058108844244 0.0 0.0 0.0 1.0 0.0 0.0 9.0 0.0
1442.0000644884274 0.0 0.0 0.0 1.0 0.0 0.0 9.0 0.0
1443.0091717719076 0.0 0.0 0.0 1.0 0.0 0.0 9.0 0.0
1444.0091717719076 0.0 0.0 0.0 1.0 0.0 0.0 9.0 0.0
1445.0091717719076 0.0 0.0 0.0 1.0 0.0 0.0 9.0 0.0
1446.0091717719076 0.0 0.0 0.0 1.0 0.0 0.0 9.0 0.0
1447.0091717719076 0.0 0.0 0.0 1.0 0.0 0.0 9.0 0.0
1448.0091717719076 0.0 0.0 0.0 1.0 0.0 0.0 9.0 0.0
1449.002319551792 0.0 0.0 0.0 1.0 0.0 0.0 9.0 0.0
1450.0026745764533 0.0 0.0 0.0 1.0 0.0 0.0 9.0 0.0
1451.0091717719076 0.0 0.0 0.0 1.0 0.0 0.0 9.0 0.0
1452.007186117022 0.0 0.0 0.0 1.0 0.0 0.0 9.0 0.0
1453.0091717719076 0.0 0.0 0.0 1.0 0.0 0.0 9.0 0.0
1454.0091717719076 0.0 0.0 0.0 1.0 0.0 0.0 9.0 0.0
1455.0091717719076 0.0 0.0 0.0 1.0 0.0 0.0 9.0 0.0
1456.0091717719076 0.0 0.0 0.0 1.0 0.0 0.0 9.0 0.0
1457.0091717719076 0.0 0.0 0.0 1.0 0.0 0.0 9.0 0.0
1458.005515595919 0.0 0.0 0.0 1.0 0.0 0.0 9.0 0.0
1459.0091717719076 0.0 0.0 0.0 1.0 0.0 0.0 9.0 0.0
1460.0091717719076 0.0 0.0 0.0 1.0 0.0 0.0 9.0 0.0
1461.002782358196 0.0 0.0 0.0 1.0 0.0 0.0 9.0 0.0
1462.0091717719076 0.0 0.0 0.0 1.0 0.0 0.0 9.0 0.0
1463.0091717719076 0.0 0.0 0.0 1.0 0.0 0.0 9.0 0.0
1464.0091717719076 0.0 0.0 0.0 1.0 0.0 0.0 9.0 0.0
1465.0091717719076 0.0 0.0 0.0 1.0 0.0 0.0 9.0 0.0
1466.0091717719076 0.0 0.0 0.0 1.0 0.0 0.0 9.0 0.0
1467.008948626191 0.0 0.0 0.0 1.0 0.0 0.0 9.0 0.0
1468.0027416026692 0.0 0.0 0.0 1.0 0.0 0.0 9.0 0.0
1469.0091717719076 0.0 0.0 0.0 1.0 0.0 0.0 9.0 0.0
1470.0068942758953 0.0 0.0 0.0 1.0 0.0 0.0 9.0 0.0
1471.0012442488378 0.0 0.0 0.0 1.0 0.0 0.0 9.0 0.0
1472.000066925035 0.0 0.0 0.0 1.0 0.0 0.0 9.0 0.0
1473.0091717719076 0.0 0.0 0.0 1.0 0.0 0.0 9.0 0.0
1474.005211277383 0.0 0.0 0.0 1.0 0.0 0.0 9.0 0.0
1475.0039692655519 0.0 0.0 0.0 1.0 0.0 0.0 9.0 0.0
1476.0080648568512 0.0 0.0 0.0 1.0 0.0 0.0 9.0 0.0
1477.0091717719076 0.0 0.0 0.0 1.0 0.0 0.0 9.0 0.0
1478.0091717719076 0.0 0.0 0.0 1.0 0.0 0.0 9.0 0.0
1479.0022538526355 0.0 0.0 0.0 1.0 0.0 0.0 9.0 0.0
1480.0091717719076 0.0 0.0 0.0 1.0 0.0 0.0 9.0 0.0
1481.0091717719076 0.0 0.0 0.0 1.0 0.0 0.0 9.0 0.0
1482.0091717719076 0.0 0.0 0.0 1.0 0.0 0.0 9.0 0.0
1483.0091717719076 0.0 0.0 0.0 1.0 0.0 0.0 9.0 0.0
1484.0027931258712 0.0 0.0 0.0 1.0 0.0 0.0 9.0 0.0
1485.0091717719076 0.0 0.0 0.0 1.0 0.0 0.0 9.0 0.0
1486.0091717719076 0.0 0.0 0.0 1.0 0.0 0.0 9.0 0.0
1487.0091717719076 0.0 0.0 0.0 1.0 0.0 0.0 9.0 0.0
1488.0091717719076 0.0 0.0 0.0 1.0 0.0 0.0 9.0 0.0
1489.0091717719076 0.0 0.0 0.0 1.0 0.0 0.0 9.0 0.0
1490.0091717719076 0.0 0.0 0.0 1.0 0.0 0.0 9.0 0.0
1491.0091717719076 0.0 0.0 0.0 1.0 0.0 0.0 9.0 0.0
1492.0091717719076 0.0 0.0 0.0 1.0 0.0 0.0 9.0 0.0
1493.0091717719076 0.0 0.0 0.0 1.0 0.0 0.0 9.0 0.0
1494.0091717719076 0.0 0.0 0.0 1.0 0.0 0.0 9.0 0.0
1495.0091717719076 0.0 0.0 0.0 1.0 0.0 0.0 9.0 0.0
1496.0091717719076 0.0 0.0 0.0 1.0 0.0 0.0 9.0 0.0
1497.004677902033 0.0 0.0 0.0 1.0 0.0 0.0 9.0 0.0
1498.0091717719076 0.0 0.0 0.0 1.0 0.0 0.0 9.0 0.0
1499.0091717719076 0.0 0.0 0.0 1.0 0.0 0.0 9.0 0.0
1500.0091717719076 0.0 0.0 0.0 1.0 0.0 0.0 9.0 0.0
1501.0091717719076 0.0 0.0 0.0 1.0 0.0 0.0 9.0 0.0
1502.0060610622138 0.0 0.0 0.0 1.0 0.0 0.0 9.0 0.0
1503.0091717719076 0.0 0.0 0.0 1.0 0.0 0.0 9.0 0.0
1504.0091717719076 0.0 0.0 0.0 1.0 0.0 0.0 9.0 0.0
1505.0052157201137 0.0 0.0 0.0 1.0 0.0 0.0 9.0 0.0
1506.007986197653 0.0 0.0 0.0 1.0 0.0 0.0 9.0 0.0
1507.0091717719076 0.0 0.0 0.0 1.0 0.0 0.0 9.0 0.0
1508.0091717719076 0.0 0.0 0.0 1.0 0.0 0.0 9.0 0.0
1509.0091717719076 0.0 0.0 0.0 1.0 0.0 0.0 9.0 0.0
1510.0091717719076 0.0 0.0 0.0 1.0 0.0 0.0 9.0 0.0
1511.0091717719076 0.0 0.0 0.0 1.0 0.0 0.0 9.0 0.0
1512.0091717719076 0.0 0.0 0.0 1.0 0.0 0.0 9.0 0.0
1513.0091717719076 0.0 0.0 0.0 1.0 0.0 0.0 9.0 0.0
1514.0012066220118 0.0 0.0 0.0 1.0 0.0 0.0 9.0 0.0
1515.0091717719076 0.0 0.0 0.0 1.0 0.0 0.0 9.0 0.0
1516.0027141024696 0.0 0.0 0.0 1.0 0.0 0.0 9.0 0.0
1517.0091717719076 0.0 0.0 0.0 1.0 0.0 0.0 9.0 0.0
1518.0091717719076 0.0 0.0 0.0 1.0 0.0 0.0 9.0 0.0
1519.0091717719076 0.0 0.0 0.0 1.0 0.0 0.0 9.0 0.0
1520.0091717719076 0.0 0.0 0.0 1.0 0.0 0.0 9.0 0.0
1521.0091717719076 0.0 0.0 0.0 1.0 0.0 0.0 9.0 0.0
1522.0091717719076 0.0 0.0 0.0 1.0 0.0 0.0 9.0 0.0
1523.0091717719076 0.0 0.0 0.0 1.0 0.0 0.0 9.0 0.0
1524.0091717719076 0.0 0.0 0.0 1.0 0.0 0.0 9.0 0.0
1525.0091717719076 0.0 0.0 0.0 1.0 0.0 0.0 9.0 0.0
1526.0091717719076 0.0 0.0 0.0 1.0 0.0 0.0 9.0 0.0
1527.0091717719076 0.0 0.0 0.0 1.0 0.0 0.0 9.0 0.0
1528.0091717719076 0.0 0.0 0.0 1.0 0.0 0.0 9.0 0.0
1529.0091717719076 0.0 0.0 0.0 1.0 0.0 0.0 9.0 0.0
1530.0091717719076 0.0 0.0 0.0 1.0 0.0 0.0 9.0 0.0
1531.0091717719076 0.0 0.0 0.0 1.0 0.0 0.0 9.0 0.0
1532.004985004503 0.0 0.0 0.0 1.0 0.0 0.0 9.0 0.0
1533.0040046482034 0.0 0.0 0.0 1.0 0.0 0.0 9.0 0.0
1534.0091717719076 0.0 0.0 0.0 1.0 0.0 0.0 9.0 0.0
1535.0091717719076 0.0 0.0 0.0 1.0 0.0 0.0 9.0 0.0
1536.0091717719076 0.0 0.0 0.0 1.0 0.0 0.0 9.0 0.0
1537.0091717719076 0.0 0.0 0.0 1.0 0.0 0.0 9.0 0.0
1538.0032077378728 0.0 0.0 0.0 1.0 0.0 0.0 9.0 0.0
1539.0052007302006 0.0 0.0 0.0 1.0 0.0 0.0 9.0 0.0
1540.0091717719076 0.0 0.0 0.0 1.0 0.0 0.0 9.0 0.0
1541.000027609001 0.0 0.0 0.0 1.0 0.0 0.0 9.0 0.0
1542.0091717719076 0.0 0.0 0.0 1.0 0.0 0.0 9.0 0.0
1543.0091717719076 0.0 0.0 0.0 1.0 0.0 0.0 9.0 0.0
1544.0091717719076 0.0 0.0 0.0 1.0 0.0 0.0 9.0 0.0
1545.0091717719076 0.0 0.0 0.0 1.0 0.0 0.0 9.0 0.0
1546.0049247095671 0.0 0.0 0.0 1.0 0.0 0.0 9.0 0.0
1547.0009832137257 0.0 0.0 0.0 1.0 0.0 0.0 9.0 0.0
1548.0091717719076 0.0 0.0 0.0 1.0 0.0 0.0 9.0 0.0
1549.0091717719076 0.0 0.0 0.0 1.0 0.0 0.0 9.0 0.0
1550.0091717719076 0.0 0.0 0.0 1.0 0.0 0.0 9.0 0.0
1551.0032561824794 0.0 0.0 0.0 1.0 0.0 0.0 9.0 0.0
1552.0091717719076 0.0 0.0 0.0 1.0 0.0 0.0 9.0 0.0
1553.0091717719076 0.0 0.0 0.0 1.0 0.0 0.0 9.0 0.0
1554.0091717719076 0.0 0.0 0.0 1.0 0.0 0.0 9.0 0.0
1555.0090454590095 0.0 0.0 0.0 1.0 0.0 0.0 9.0 0.0
1556.0091717719076 0.0 0.0 0.0 1.0 0.0 0.0 9.0 0.0
1557.0091717719076 0.0 0.0 0.0 1.0 0.0 0.0 9.0 0.0
1558.0091717719076 0.0 0.0 0.0 1.0 0.0 0.0 9.0 0.0
1559.00504827784 0.0 0.0 0.0 1.0 0.0 0.0 9.0 0.0
1560.0091717719076 0.0 0.0 0.0 1.0 0.0 0.0 9.0 0.0
1561.0091717719076 0.0 0.0 0.0 1.0 0.0 0.0 9.0 0.0
1562.0091717719076 0.0 0.0 0.0 1.0 0.0 0.0 9.0 0.0
1563.0091717719076 0.0 0.0 0.0 1.0 0.0 0.0 9.0 0.0
1564.0010631832065 0.0 0.0 0.0 1.0 0.0 0.0 9.0 0.0
1565.0091717719076 0.0 0.0 0.0 1.0 0.0 0.0 9.0 0.0
1566.005458021498 0.0 0.0 0.0 1.0 0.0 0.0 9.0 0.0
1567.0091717719076 0.0 0.0 0.0 1.0 0.0 0.0 9.0 0.0
1568.0091717719076 0.0 0.0 0.0 1.0 0.0 0.0 9.0 0.0
1569.0091717719076 0.0 0.0 0.0 1.0 0.0 0.0 9.0 0.0
1570.0091717719076 0.0 0.0 0.0 1.0 0.0 0.0 9.0 0.0
1571.0069895934275 0.0 0.0 0.0 1.0 0.0 0.0 9.0 0.0
1572.0091717719076 0.0 0.0 0.0 1.0 0.0 0.0 9.0 0.0
1573.0091717719076 0.0 0.0 0.0 1.0 0.0 0.0 9.0 0.0
1574.006800153121 0.0 0.0 0.0 1.0 0.0 0.0 9.0 0.0
1575.0091717719076 0.0 0.0 0.0 1.0 0.0 0.0 9.0 0.0
1576.0007759445066 0.0 0.0 0.0 1.0 0.0 0.0 9.0 0.0
1577.0003549411517 0.0 0.0 0.0 1.0 0.0 0.0 9.0 0.0
1578.0082189561556 0.0 0.0 0.0 1.0 0.0 0.0 9.0 0.0
1579.0048290062077 0.0 0.0 0.0 1.0 0.0 0.0 9.0 0.0
1580.0083755865232 0.0 0.0 0.0 1.0 0.0 0.0 9.0 0.0
1581.0091717719076 0.0 0.0 0.0 1.0 0.0 0.0 9.0 0.0
1582.0091717719076 0.0 0.0 0.0 1.0 0.0 0.0 9.0 0.0
1583.0029639857016 0.0 0.0 0.0 1.0 0.0 0.0 9.0 0.0
1584.0091717719076 0.0 0.0 0.0 1.0 0.0 0.0 9.0 0.0
1585.0091717719076 0.0 0.0 0.0 1.0 0.0 0.0 9.0 0.0
1586.0091717719076 0.0 0.0 0.0 1.0 0.0 0.0 9.0 0.0
1587.0046784938552 0.0 0.0 0.0 1.0 0.0 0.0 9.0 0.0
1588.0091717719076 0.0 0.0 0.0 1.0 0.0 0.0 9.0 0.0
1589.0091717719076 0.0 0.0 0.0 1.0 0.0 0.0 9.0 0.0
1590.0072842528823 0.0 0.0 0.0 1.0 0.0 0.0 9.0 0.0
1591.0002007115158 0.0 0.0 0.0 1.0 0.0 0.0 9.0 0.0
1592.0091717719076 0.0 0.0 0.0 1.0 0.0 0.0 9.0 0.0
1593.0091717719076 0.0 0.0 0.0 1.0 0.0 0.0 9.0 0.0
1594.0091717719076 0.0 0.0 0.0 1.0 0.0 0.0 9.0 0.0
1595.0091717719076 0.0 0.0 0.0 1.0 0.0 0.0 9.0 0.0
1596.0091717719076 0.0 0.0 0.0 1.0 0.0 0.0 9.0 0.0
1597.0091717719076 0.0 0.0 0.0 1.0 0.0 0.0 9.0 0.0
1598.0079698983138 0.0 0.0 0.0 1.0 0.0 0.0 9.0 0.0
1599.0091717719076 0.0 0.0 0.0 1.0 0.0 0.0 9.0 0.0
1600.0091717719076 0.0 0.0 0.0 1.0 0.0 0.0 9.0 0.0
1601.0091717719076 0.0 0.0 0.0 1.0 0.0 0.0 9.0 0.0
1602.0091717719076 0.0 0.0 0.0 1.0 0.0 0.0 9.0 0.0
1603.0091717719076 0.0 0.0 0.0 1.0 0.0 0.0 9.0 0.0
1604.0034289061334 0.0 0.0 0.0 1.0 0.0 0.0 9.0 0.0
1605.0091717719076 0.0 0.0 0.0 1.0 0.0 0.0 9.0 0.0
1606.002824009728 0.0 0.0 0.0 1.0 0.0 0.0 9.0 0.0
1607.0091717719076 0.0 0.0 0.0 1.0 0.0 0.0 9.0 0.0
1608.0091717719076 0.0 0.0 0.0 1.0 0.0 0.0 9.0 0.0
1609.0044450369921 0.0 0.0 0.0 1.0 0.0 0.0 9.0 0.0
1610.0091717719076 0.0 0.0 0.0 1.0 0.0 0.0 9.0 0.0
1611.0091717719076 0.0 0.0 0.0 1.0 0.0 0.0 9.0 0.0
1612.0063514276567 0.0 0.0 0.0 1.0 0.0 0.0 9.0 0.0
1613.0091717719076 0.0 0.0 0.0 1.0 0.0 0.0 9.0 0.0
1614.0091717719076 0.0 0.0 0.0 1.0 0.0 0.0 9.0 0.0
1615.0091717719076 0.0 0.0 0.0 1.0 0.0 0.0 9.0 0.0
1616.0091717719076 0.0 0.0 0.0 1.0 0.0 0.0 9.0 0.0
1617.0091717719076 0.0 0.0 0.0 1.0 0.0 0.0 9.0 0.0
1618.0091717719076 0.0 0.0 0.0 1.0 0.0 0.0 9.0 0.0
1619.0091717719076 0.0 0.0 0.0 1.0 0.0 0.0 9.0 0.0
1620.0013383002276 0.0 0.0 0.0 1.0 0.0 0.0 9.0 0.0
1621.0091717719076 0.0 0.0 0.0 1.0 0.0 0.0 9.0 0.0
1622.0091717719076 0.0 0.0 0.0 1.0 0.0 0.0 9.0 0.0
1623.0091717719076 0.0 0.0 0.0 1.0 0.0 0.0 9.0 0.0
1624.0091717719076 0.0 0.0 0.0 1.0 0.0 0.0 9.0 0.0
1625.0021465277655 0.0 0.0 0.0 1.0 0.0 0.0 9.0 0.0
1626.0091717719076 0.0 0.0 0.0 1.0 0.0 0.0 9.0 0.0
1627.0091717719076 0.0 0.0 0.0 1.0 0.0 0.0 9.0 0.0
1628.0091717719076 0.0 0.0 0.0 1.0 0.0 0.0 9.0 0.0
1629.0091717719076 0.0 0.0 0.0 1.0 0.0 0.0 9.0 0.0
1630.0091717719076 0.0 0.0 0.0 1.0 0.0 0.0 9.0 0.0
1631.0024003472477 0.0 0.0 0.0 1.0 0.0 0.0 9.0 0.0
1632.0010391367687 0.0 0.0 0.0 1.0 0.0 0.0 9.0 0.0
1633.0091717719076 0.0 0.0 0.0 1.0 0.0 0.0 9.0 0.0
1634.0011366749995 0.0 0.0 0.0 1.0 0.0 0.0 9.0 0.0
1635.0091717719076 0.0 0.0 0.0 1.0 0.0 0.0 9.0 0.0
1636.0091717719076 0.0 0.0 0.0 1.0 0.0 0.0 9.0 0.0
1637.0091717719076 0.0 0.0 0.0 1.0 0.0 0.0 9.0 0.0
1638.0091717719076 0.0 0.0 0.0 1.0 0.0 0.0 9.0 0.0
1639.0091717719076 0.0 0.0 0.0 1.0 0.0 0.0 9.0 0.0
1640.0091717719076 0.0 0.0 0.0 1.0 0.0 0.0 9.0 0.0
1641.0091717719076 0.0 0.0 0.0 1.0 0.0 0.0 9.0 0.0
1642.0019175118048 0.0 0.0 0.0 1.0 0.0 0.0 9.0 0.0
1643.0091717719076 0.0 0.0 0.0 1.0 0.0 0.0 9.0 0.0
1644.0091717719076 0.0 0.0 0.0 1.0 0.0 0.0 9.0 0.0
1645.0091717719076 0.0 0.0 0.0 1.0 0.0 0.0 9.0 0.0
1646.0091717719076 0.0 0.0 0.0 1.0 0.0 0.0 9.0 0.0
1647.0091717719076 0.0 0.0 0.0 1.0 0.0 0.0 9.0 0.0
1648.0091717719076 0.0 0.0 0.0 1.0 0.0 0.0 9.0 0.0
1649.0091717719076 0.0 0.0 0.0 1.0 0.0 0.0 9.0 0.0
1650.0091717719076 0.0 0.0 0.0 1.0 0.0 0.0 9.0 0.0
1651.0091717719076 0.0 0.0 0.0 1.0 0.0 0.0 9.0 0.0
1652.0091717719076 0.0 0.0 0.0 1.0 0.0 0.0 9.0 0.0
1653.0091717719076 0.0 0.0 0.0 1.0 0.0 0.0 9.0 0.0
1654.0091717719076 0.0 0.0 0.0 1.0 0.0 0.0 9.0 0.0
1655.0019697905423 0.0 0.0 0.0 1.0 0.0 0.0 9.0 0.0
1656.0091717719076 0.0 0.0 0.0 1.0 0.0 0.0 9.0 0.0
1657.0091717719076 0.0 0.0 0.0 1.0 0.0 0.0 9.0 0.0
1658.0091717719076 0.0 0.0 0.0 1.0 0.0 0.0 9.0 0.0
1659.0091717719076 0.0 0.0 0.0 1.0 0.0 0.0 9.0 0.0
1660.0091717719076 0.0 0.0 0.0 1.0 0.0 0.0 9.0 0.0
1661.0043083441753 0.0 0.0 0.0 1.0 0.0 0.0 9.0 0.0
1662.0080753307705 0.0 0.0 0.0 1.0 0.0 0.0 9.0 0.0
1663.0091717719076 0.0 0.0 0.0 1.0 0.0 0.0 9.0 0.0
1664.0091717719076 0.0 0.0 0.0 1.0 0.0 0.0 9.0 0.0
1665.0091717719076 0.0 0.0 0.0 1.0 0.0 0.0 9.0 0.0
1666.0091717719076 0.0 0.0 0.0 1.0 0.0 0.0 9.0 0.0
1667.0032948024816 0.0 0.0 0.0 1.0 0.0 0.0 9.0 0.0
1668.0091717719076 0.0 0.0 0.0 1.0 0.0 0.0 9.0 0.0
1669.0091717719076 0.0 0.0 0.0 1.0 0.0 0.0 9.0 0.0
1670.0091717719076 0.0 0.0 0.0 1.0 0.0 0.0 9.0 0.0
1671.0091717719076 0.0 0.0 0.0 1.0 0.0 0.0 9.0 0.0
1672.0091717719076 0.0 0.0 0.0 1.0 0.0 0.0 9.0 0.0
1673.00236122673 0.0 0.0 0.0 1.0 0.0 0.0 9.0 0.0
1674.0053236503907 0.0 0.0 0.0 1.0 0.0 0.0 9.0 0.0
1675.0091717719076 0.0 0.0 0.0 1.0 0.0 0.0 9.0 0.0
1676.0091717719076 0.0 0.0 0.0 1.0 0.0 0.0 9.0 0.0
1677.0019348620363 0.0 0.0 0.0 1.0 0.0 0.0 9.0 0.0
1678.0091717719076 0.0 0.0 0.0 1.0 0.0 0.0 9.0 0.0
1679.0091717719076 0.0 0.0 0.0 1.0 0.0 0.0 9.0 0.0
1680.008309363337 0.0 0.0 0.0 1.0 0.0 0.0 9.0 0.0
1681.0091717719076 0.0 0.0 0.0 1.0 0.0 0.0 9.0 0.0
1682.0091717719076 0.0 0.0 0.0 1.0 0.0 0.0 9.0 0.0
1683.0091717719076 0.0 0.0 0.0 1.0 0.0 0.0 9.0 0.0
1684.0091717719076 0.0 0.0 0.0 1.0 0.0 0.0 9.0 0.0
1685.0091717719076 0.0 0.0 0.0 1.0 0.0 0.0 9.0 0.0
1686.0089211445195 0.0 0.0 0.0 1.0 0.0 0.0 9.0 0.0
1687.0091717719076 0.0 0.0 0.0 1.0 0.0 0.0 9.0 0.0
1688.0091717719076 0.0 0.0 0.0 1.0 0.0 0.0 9.0 0.0
1689.0091717719076 0.0 0.0 0.0 1.0 0.0 0.0 9.0 0.0
1690.0091717719076 0.0 0.0 0.0 1.0 0.0 0.0 9.0 0.0
1691.0091717719076 0.0 0.0 0.0 1.0 0.0 0.0 9.0 0.0
1692.0091717719076 0.0 0.0 0.0 1.0 0.0 0.0 9.0 0.0
1693.0091717719076 0.0 0.0 0.0 1.0 0.0 0.0 9.0 0.0
1694.0091717719076 0.0 0.0 0.0 1.0 0.0 0.0 9.0 0.0
1695.0015109268588 0.0 0.0 0.0 1.0 0.0 0.0 9.0 0.0
1696.0091717719076 0.0 0.0 0.0 1.0 0.0 0.0 9.0 0.0
1697.0003170230084 0.0 0.0 0.0 1.0 0.0 0.0 9.0 0.0
1698.0091717719076 0.0 0.0 0.0 1.0 0.0 0.0 9.0 0.0
1699.0091717719076 0.0 0.0 0.0 1.0 0.0 0.0 9.0 0.0
1700.0091717719076 0.0 0.0 0.0 1.0 0.0 0.0 9.0 0.0
1701.0091717719076 0.0 0.0 0.0 1.0 0.0 0.0 9.0 0.0
1702.0039159816718 0.0 0.0 0.0 1.0 0.0 0.0 9.0 0.0
1703.0084802988154 0.0 0.0 0.0 1.0 0.0 0.0 9.0 0.0
1704.0091717719076 0.0 0.0 0.0 1.0 0.0 0.0 9.0 0.0
1705.0091717719076 0.0 0.0 0.0 1.0 0.0 0.0 9.0 0.0
1706.0091717719076 0.0 0.0 0.0 1.0 0.0 0.0 9.0 0.0
1707.0091717719076 0.0 0.0 0.0 1.0 0.0 0.0 9.0 0.0
1708.0091717719076 0.0 0.0 0.0 1.0 0.0 0.0 9.0 0.0
1709.0003222787373 0.0 0.0 0.0 1.0 0.0 0.0 9.0 0.0
1710.0091717719076 0.0 0.0 0.0 1.0 0.0 0.0 9.0 0.0
1711.0056472322938 0.0 0.0 0.0 1.0 0.0 0.0 9.0 0.0
1712.0076623512546 0.0 0.0 0.0 1.0 0.0 0.0 9.0 0.0
1713.0091717719076 0.0 0.0 0.0 1.0 0.0 0.0 9.0 0.0
1714.0006710348887 0.0 0.0 0.0 1.0 0.0 0.0 9.0 0.0
1715.0091717719076 0.0 0.0 0.0 1.0 0.0 0.0 9.0 0.0
1716.0091717719076 0.0 0.0 0.0 1.0 0.0 0.0 9.0 0.0
1717.0055444988109 0.0 0.0 0.0 1.0 0.0 0.0 9.0 0.0
1718.0091717719076 0.0 0.0 0.0 1.0 0.0 0.0 9.0 0.0
1719.0091717719076 0.0 0.0 0.0 1.0 0.0 0.0 9.0 0.0
1720.0091717719076 0.0 0.0 0.0 1.0 0.0 0.0 9.0 0.0
1721.0091717719076 0.0 0.0 0.0 1.0 0.0 0.0 9.0 0.0
1722.0091717719076 0.0 0.0 0.0 1.0 0.0 0.0 9.0 0.0
1723.0091717719076 0.0 0.0 0.0 1.0 0.0 0.0 9.0 0.0
1724.0091717719076 0.0 0.0 0.0 1.0 0.0 0.0 9.0 0.0
1725.0091717719076 0.0 0.0 0.0 1.0 0.0 0.0 9.0 0.0
1726.0050243596954 0.0 0.0 0.0 1.0 0.0 0.0 9.0 0.0
1727.0091717719076 0.0 0.0 0.0 1.0 0.0 0.0 9.0 0.0
1728.0091717719076 0.0 0.0 0.0 1.0 0.0 0.0 9.0 0.0
1729.0091717719076 0.0 0.0 0.0 1.0 0.0 0.0 9.0 0.0
1730.0001284024697 0.0 0.0 0.0 1.0 0.0 0.0 9.0 0.0
1731.0091717719076 0.0 0.0 0.0 1.0 0.0 0.0 9.0 0.0
1732.0008497553122 0.0 0.0 0.0 1.0 0.0 0.0 9.0 0.0
1733.0021281872077 0.0 0.0 0.0 1.0 0.0 0.0 9.0 0.0
1734.0091717719076 0.0 0.0 0.0 1.0 0.0 0.0 9.0 0.0
1735.0091717719076 0.0 0.0 0.0 1.0 0.0 0.0 9.0 0.0
1736.0051820786687 0.0 0.0 0.0 1.0 0.0 0.0 9.0 0.0
1737.0030726057698 0.0 0.0 0.0 1.0 0.0 0.0 9.0 0.0
1738.0091717719076 0.0 0.0 0.0 1.0 0.0 0.0 9.0 0.0
1739.0091717719076 0.0 0.0 0.0 1.0 0.0 0.0 9.0 0.0
1740.0091717719076 0.0 0.0 0.0 1.0 0.0 0.0 9.0 0.0
1741.0040130527334 0.0 0.0 0.0 1.0 0.0 0.0 9.0 0.0
1742.0091717719076 0.0 0.0 0.0 1.0 0.0 0.0 9.0 0.0
1743.0091717719076 0.0 0.0 0.0 1.0 0.0 0.0 9.0 0.0
1744.0091717719076 0.0 0.0 0.0 1.0 0.0 0.0 9.0 0.0
1745.0091717719076 0.0 0.0 0.0 1.0 0.0 0.0 9.0 0.0
1746.0091717719076 0.0 0.0 0.0 1.0 0.0 0.0 9.0 0.0
1747.0024906721546 0.0 0.0 0.0 1.0 0.0 0.0 9.0 0.0
1748.0091717719076 0.0 0.0 0.0 1.0 0.0 0.0 9.0 0.0
1749.0091717719076 0.0 0.0 0.0 1.0 0.0 0.0 9.0 0.0
1750.0067727083156 0.0 0.0 0.0 1.0 0.0 0.0 9.0 0.0
1751.0091717719076 0.0 0.0 0.0 1.0 0.0 0.0 9.0 0.0
1752.0012787282346 0.0 0.0 0.0 1.0 0.0 0.0 9.0 0.0
1753.0091717719076 0.0 0.0 0.0 1.0 0.0 0.0 9.0 0.0
1754.0091717719076 0.0 0.0 0.0 1.0 0.0 0.0 9.0 0.0
1755.0001973695878 0.0 0.0 0.0 1.0 0.0 0.0 9.0 0.0
1756.0091717719076 0.0 0.0 0.0 1.0 0.0 0.0 9.0 0.0
1757.0053293079977 0.0 0.0 0.0 1.0 0.0 0.0 9.0 0.0
1758.0091717719076 0.0 0.0 0.0 1.0 0.0 0.0 9.0 0.0
1759.0091717719076 0.0 0.0 0.0 1.0 0.0 0.0 9.0 0.0
1760.0091717719076 0.0 0.0 0.0 1.0 0.0 0.0 9.0 0.0
1761.0091717719076 0.0 0.0 0.0 1.0 0.0 0.0 9.0 0.0
1762.0091717719076 0.0 0.0 0.0 1.0 0.0 0.0 9.0 0.0
1763.0026351136737 0.0 0.0 0.0 1.0 0.0 0.0 9.0 0.0
1764.005402538466 0.0 0.0 0.0 1.0 0.0 0.0 9.0 0.0
1765.0091717719076 0.0 0.0 0.0 1.0 0.0 0.0 9.0 0.0
1766.0091717719076 0.0 0.0 0.0 1.0 0.0 0.0 9.0 0.0
1767.0091717719076 0.0 0.0 0.0 1.0 0.0 0.0 9.0 0.0
1768.0091717719076 0.0 0.0 0.0 1.0 0.0 0.0 9.0 0.0
1769.0091717719076 0.0 0.0 0.0 1.0 0.0 0.0 9.0 0.0
1770.0091717719076 0.0 0.0 0.0 1.0 0.0 0.0 9.0 0.0
1771.0023433372337 0.0 0.0 0.0 1.0 0.0 0.0 9.0 0.0
1772.0091717719076 0.0 0.0 0.0 1.0 0.0 0.0 9.0 0.0
1773.006748768241 0.0 0.0 0.0 1.0 0.0 0.0 9.0 0.0
1774.0091717719076 0.0 0.0 0.0 1.0 0.0 0.0 9.0 0.0
1775.0091717719076 0.0 0.0 0.0 1.0 0.0 0.0 9.0 0.0
1776.0091717719076 0.0 0.0 0.0 1.0 0.0 0.0 9.0 0.0
1777.0091717719076 0.0 0.0 0.0 1.0 0.0 0.0 9.0 0.0
1778.002535850258 0.0 0.0 0.0 1.0 0.0 0.0 9.0 0.0
1779.0091717719076 0.0 0.0 0.0 1.0 0.0 0.0 9.0 0.0
1780.0065400388578 0.0 0.0 0.0 1.0 0.0 0.0 9.0 0.0
1781.0091717719076 0.0 0.0 0.0 1.0 0.0 0.0 9.0 0.0
1782.0027643495905 0.0 0.0 0.0 1.0 0.0 0.0 9.0 0.0
1783.0091717719076 0.0 0.0 0.0 1.0 0.0 0.0 9.0 0.0
1784.0091717719076 0.0 0.0 0.0 1.0 0.0 0.0 9.0 0.0
1785.0091717719076 0.0 0.0 0.0 1.0 0.0 0.0 9.0 0.0
1786.0091717719076 0.0 0.0 0.0 1.0 0.0 0.0 9.0 0.0
1787.0091717719076 0.0 0.0 0.0 1.0 0.0 0.0 9.0 0.0
1788.0091717719076 0.0 0.0 0.0 1.0 0.0 0.0 9.0 0.0
1789.0091717719076 0.0 0.0 0.0 1.0 0.0 0.0 9.0 0.0
1790.0091717719076 0.0 0.0 0.0 1.0 0.0 0.0 9.0 0.0
1791.0051189175772 0.0 0.0 0.0 1.0 0.0 0.0 9.0 0.0
1792.007068637432 0.0 0.0 0.0 1.0 0.0 0.0 9.0 0.0
1793.0091717719076 0.0 0.0 0.0 1.0 0.0 0.0 9.0 0.0
1794.0091717719076 0.0 0.0 0.0 1.0 0.0 0.0 9.0 0.0
1795.0091717719076 0.0 0.0 0.0 1.0 0.0 0.0 9.0 0.0
1796.0091717719076 0.0 0.0 0.0 1.0 0.0 0.0 9.0 0.0
1797.0035595522033 0.0 0.0 0.0 1.0 0.0 0.0 9.0 0.0
1798.0091717719076 0.0 0.0 0.0 1.0 0.0 0.0 9.0 0.0
1799.0071756818445 0.0 0.0 0.0 1.0 0.0 0.0 9.0 0.0
1800.0091717719076 0.0 0.0 0.0 1.0 0.0 0.0 9.0 0.0
1801.001795012022 0.0 0.0 0.0 1.0 0.0 0.0 9.0 0.0
1802.0091717719076 0.0 0.0 0.0 1.0 0.0 0.0 9.0 0.0
1803.0091717719076 0.0 0.0 0.0 1.0 0.0 0.0 9.0 0.0
1804.0091717719076 0.0 0.0 0.0 1.0 0.0 0.0 9.0 0.0
1805.0091717719076 0.0 0.0 0.0 1.0 0.0 0.0 9.0 0.0
1806.0091717719076 0.0 0.0 0.0 1.0 0.0 0.0 9.0 0.0
1807.00417426149 0.0 0.0 0.0 1.0 0.0 0.0 9.0 0.0
1808.004362965359 0.0 0.0 0.0 1.0 0.0 0.0 9.0 0.0
1809.001265701343 0.0 0.0 0.0 1.0 0.0 0.0 9.0 0.0
1810.0002232635177 0.0 0.0 0.0 1.0 0.0 0.0 9.0 0.0
1811.0091717719076 0.0 0.0 0.0 1.0 0.0 0.0 9.0 0.0
1812.0091717719076 0.0 0.0 0.0 1.0 0.0 0.0 9.0 0.0
1813.0044168163001 0.0 0.0 0.0 1.0 0.0 0.0 9.0 0.0
1814.0091717719076 0.0 0.0 0.0 1.0 0.0 0.0 9.0 0.0
1815.0091717719076 0.0 0.0 0.0 1.0 0.0 0.0 9.0 0.0
1816.0091717719076 0.0 0.0 0.0 1.0 0.0 0.0 9.0 0.0
1817.0049147846048 0.0 0.0 0.0 1.0 0.0 0.0 9.0 0.0
1818.0091717719076 0.0 0.0 0.0 1.0 0.0 0.0 9.0 0.0
1819.0091717719076 0.0 0.0 0.0 1.0 0.0 0.0 9.0 0.0
1820.0074804999745 0.0 0.0 0.0 1.0 0.0 0.0 9.0 0.0
1821.0091717719076 0.0 0.0 0.0 1.0 0.0 0.0 9.0 0.0
1822.0091717719076 0.0 0.0 0.0 1.0 0.0 0.0 9.0 0.0
1823.0091717719076 0.0 0.0 0.0 1.0 0.0 0.0 9.0 0.0
1824.0031066064246 0.0 0.0 0.0 1.0 0.0 0.0 9.0 0.0
1825.0091717719076 0.0 0.0 0.0 1.0 0.0 0.0 9.0 0.0
1826.0089367104226 0.0 0.0 0.0 1.0 0.0 0.0 9.0 0.0
1827.0091717719076 0.0 0.0 0.0 1.0 0.0 0.0 9.0 0.0
1828.0091717719076 0.0 0.0 0.0 1.0 0.0 0.0 9.0 0.0
1829.0091717719076 0.0 0.0 0.0 1.0 0.0 0.0 9.0 0.0
1830.0091717719076 0.0 0.0 0.0 1.0 0.0 0.0 9.0 0.0
1831.0091717719076 0.0 0.0 0.0 1.0 0.0 0.0 9.0 0.0
1832.0021924496664 0.0 0.0 0.0 1.0 0.0 0.0 9.0 0.0
1833.0091717719076 0.0 0.0 0.0 1.0 0.0 0.0 9.0 0.0
1834.0091717719076 0.0 0.0 0.0 1.0 0.0 0.0 9.0 0.0
1835.0091717719076 0.0 0.0 0.0 1.0 0.0 0.0 9.0 0.0
1836.0050897814003 0.0 0.0 0.0 1.0 0.0 0.0 9.0 0.0
1837.0091717719076 0.0 0.0 0.0 1.0 0.0 0.0 9.0 0.0
1838.0091717719076 0.0 0.0 0.0 1.0 0.0 0.0 9.0 0.0
1839.0091717719076 0.0 0.0 0.0 1.0 0.0 0.0 9.0 0.0
1840.0091717719076 0.0 0.0 0.0 1.0 0.0 0.0 9.0 0.0
1841.0035711059966 0.0 0.0 0.0 1.0 0.0 0.0 9.0 0.0
1842.0091717719076 0.0 0.0 0.0 1.0 0.0 0.0 9.0 0.0
1843.0091717719076 0.0 0.0 0.0 1.0 0.0 0.0 9.0 0.0
1844.0091717719076 0.0 0.0 0.0 1.0 0.0 0.0 9.0 0.0
1845.0091717719076 0.0 0.0 0.0 1.0 0.0 0.0 9.0 0.0
1846.0018530878901 0.0 0.0 0.0 1.0 0.0 0.0 9.0 0.0
1847.0091717719076 0.0 0.0 0.0 1.0 0.0 0.0 9.0 0.0
1848.0091717719076 0.0 0.0 0.0 1.0 0.0 0.0 9.0 0.0
1849.0091717719076 0.0 0.0 0.0 1.0 0.0 0.0 9.0 0.0
1850.0053448390026 0.0 0.0 0.0 1.0 0.0 0.0 9.0 0.0
1851.0091717719076 0.0 0.0 0.0 1.0 0.0 0.0 9.0 0.0
1852.0038801245998 0.0 0.0 0.0 1.0 0.0 0.0 9.0 0.0
1853.001537472132 0.0 0.0 0.0 1.0 0.0 0.0 9.0 0.0
1854.0091717719076 0.0 0.0 0.0 1.0 0.0 0.0 9.0 0.0
1855.0016591893177 0.0 0.0 0.0 1.0 0.0 0.0 9.0 0.0
1856.0091717719076 0.0 0.0 0.0 1.0 0.0 0.0 9.0 0.0
1857.0018906986127 0.0 0.0 0.0 1.0 0.0 0.0 9.0 0.0
1858.0091717719076 0.0 0.0 0.0 1.0 0.0 0.0 9.0 0.0
1859.0091717719076 0.0 0.0 0.0 1.0 0.0 0.0 9.0 0.0
1860.0064649041958 0.0 0.0 0.0 1.0 0.0 0.0 9.0 0.0
1861.0091717719076 0.0 0.0 0.0 1.0 0.0 0.0 9.0 0.0
1862.0091717719076 0.0 0.0 0.0 1.0 0.0 0.0 9.0 0.0
1863.0005304370638 0.0 0.0 0.0 1.0 0.0 0.0 9.0 0.0
1864.0041792709847 0.0 0.0 0.0 1.0 0.0 0.0 9.0 0.0
1865.0091717719076 0.0 0.0 0.0 1.0 0.0 0.0 9.0 0.0
1866.001138331667 0.0 0.0 0.0 1.0 0.0 0.0 9.0 0.0
1867.0091717719076 0.0 0.0 0.0 1.0 0.0 0.0 9.0 0.0
1868.0091717719076 0.0 0.0 0.0 1.0 0.0 0.0 9.0 0.0
1869.0091717719076 0.0 0.0 0.0 1.0 0.0 0.0 9.0 0.0
1870.0091717719076 0.0 0.0 0.0 1.0 0.0 0.0 9.0 0.0
1871.0069018982088 0.0 0.0 0.0 1.0 0.0 0.0 9.0 0.0
1872.0091717719076 0.0 0.0 0.0 1.0 0.0 0.0 9.0 0.0
1873.0091717719076 0.0 0.0 0.0 1.0 0.0 0.0 9.0 0.0
1874.0091717719076 0.0 0.0 0.0 1.0 0.0 0.0 9.0 0.0
1875.0086191795567 0.0 0.0 0.0 1.0 0.0 0.0 9.0 0.0
1876.0091717719076 0.0 0.0 0.0 1.0 0.0 0.0 9.0 0.0
1877.0091717719076 0.0 0.0 0.0 1.0 0.0 0.0 9.0 0.0
1878.0091717719076 0.0 0.0 0.0 1.0 0.0 0.0 9.0 0.0
1879.0091717719076 0.0 0.0 0.0 1.0 0.0 0.0 9.0 0.0
1880.0091717719076 0.0 0.0 0.0 1.0 0.0 0.0 9.0 0.0
1881.0091717719076 0.0 0.0 0.0 1.0 0.0 0.0 9.0 0.0
1882.0091717719076 0.0 0.0 0.0 1.0 0.0 0.0 9.0 0.0
1883.0009970314566 0.0 0.0 0.0 1.0 0.0 0.0 9.0 0.0
1884.0091717719076 0.0 0.0 0.0 1.0 0.0 0.0 9.0 0.0
1885.0090677972407 0.0 0.0 0.0 1.0 0.0 0.0 9.0 0.0
1886.0041987480492 0.0 0.0 0.0 1.0 0.0 0.0 9.0 0.0
1887.0091717719076 0.0 0.0 0.0 1.0 0.0 0.0 9.0 0.0
1888.0091717719076 0.0 0.0 0.0 1.0 0.0 0.0 9.0 0.0
1889.0017571373987 0.0 0.0 0.0 1.0 0.0 0.0 9.0 0.0
1890.0091717719076 0.0 0.0 0.0 1.0 0.0 0.0 9.0 0.0
1891.0091717719076 0.0 0.0 0.0 1.0 0.0 0.0 9.0 0.0
1892.0050290071335 0.0 0.0 0.0 1.0 0.0 0.0 9.0 0.0
1893.0035546504885 0.0 0.0 0.0 1.0 0.0 0.0 9.0 0.0
1894.0091717719076 0.0 0.0 0.0 1.0 0.0 0.0 9.0 0.0
1895.0091717719076 0.0 0.0 0.0 1.0 0.0 0.0 9.0 0.0
1896.0091717719076 0.0 0.0 0.0 1.0 0.0 0.0 9.0 0.0
1897.0019913420153 0.0 0.0 0.0 1.0 0.0 0.0 9.0 0.0
1898.0091717719076 0.0 0.0 0.0 1.0 0.0 0.0 9.0 0.0
1899.0044283641091 0.0 0.0 0.0 1.0 0.0 0.0 9.0 0.0
1900.0091717719076 0.0 0.0 0.0 1.0 0.0 0.0 9.0 0.0
1901.0091717719076 0.0 0.0 0.0 1.0 0.0 0.0 9.0 0.0
1902.0091717719076 0.0 0.0 0.0 1.0 0.0 0.0 9.0 0.0
1903.0091717719076 0.0 0.0 0.0 1.0 0.0 0.0 9.0 0.0
1904.0091717719076 0.0 0.0 0.0 1.0 0.0 0.0 9.0 0.0
1905.0091717719076 0.0 0.0 0.0 1.0 0.0 0.0 9.0 0.0
1906.0091717719076 0.0 0.0 0.0 1.0 0.0 0.0 9.0 0.0
1907.0034151822936 0.0 0.0 0.0 1.0 0.0 0.0 9.0 0.0
1908.0091717719076 0.0 0.0 0.0 1.0 0.0 0.0 9.0 0.0
1909.0091717719076 0.0 0.0 0.0 1.0 0.0 0.0 9.0 0.0
1910.00611545521 0.0 0.0 0.0 1.0 0.0 0.0 9.0 0.0
1911.0000736282561 0.0 0.0 0.0 1.0 0.0 0.0 9.0 0.0
1912.0091717719076 0.0 0.0 0.0 1.0 0.0 0.0 9.0 0.0
1913.0030253566244 0.0 0.0 0.0 1.0 0.0 0.0 9.0 0.0
1914.0091717719076 0.0 0.0 0.0 1.0 0.0 0.0 9.0 0.0
1915.0091717719076 0.0 0.0 0.0 1.0 0.0 0.0 9.0 0.0
1916.0091717719076 0.0 0.0 0.0 1.0 0.0 0.0 9.0 0.0
1917.0091717719076 0.0 0.0 0.0 1.0 0.0 0.0 9.0 0.0
1918.0091717719076 0.0 0.0 0.0 1.0 0.0 0.0 9.0 0.0
1919.0091717719076 0.0 0.0 0.0 1.0 0.0 0.0 9.0 0.0
1920.0091717719076 0.0 0.0 0.0 1.0 0.0 0.0 9.0 0.0
1921.0091717719076 0.0 0.0 0.0 1.0 0.0 0.0 9.0 0.0
1922.0091717719076 0.0 0.0 0.0 1.0 0.0 0.0 9.0 0.0
1923.0091717719076 0.0 0.0 0.0 1.0 0.0 0.0 9.0 0.0
1924.0051835871927 0.0 0.0 0.0 1.0 0.0 0.0 9.0 0.0
1925.0060912550575 0.0 0.0 0.0 1.0 0.0 0.0 9.0 0.0
1926.0091717719076 0.0 0.0 0.0 1.0 0.0 0.0 9.0 0.0
1927.0091717719076 0.0 0.0 0.0 1.0 0.0 0.0 9.0 0.0
1928.0091717719076 0.0 0.0 0.0 1.0 0.0 0.0 9.0 0.0
1929.0091717719076 0.0 0.0 0.0 1.0 0.0 0.0 9.0 0.0
1930.0091717719076 0.0 0.0 0.0 1.0 0.0 0.0 9.0 0.0
1931.0091717719076 0.0 0.0 0.0 1.0 0.0 0.0 9.0 0.0
1932.0091717719076 0.0 0.0 0.0 1.0 0.0 0.0 9.0 0.0
1933.0091717719076 0.0 0.0 0.0 1.0 0.0 0.0 9.0 0.0
1934.0074820623443 0.0 0.0 0.0 1.0 0.0 0.0 9.0 0.0
1935.0091717719076 0.0 0.0 0.0 1.0 0.0 0.0 9.0 0.0
1936.0091717719076 0.0 0.0 0.0 1.0 0.0 0.0 9.0 0.0
1937.0000548817648 0.0 0.0 0.0 1.0 0.0 0.0 9.0 0.0
1938.0091717719076 0.0 0.0 0.0 1.0 0.0 0.0 9.0 0.0
1939.0091717719076 0.0 0.0 0.0 1.0 0.0 0.0 9.0 0.0
1940.0012868846509 0.0 0.0 0.0 1.0 0.0 0.0 9.0 0.0
1941.0088080977275 0.0 0.0 0.0 1.0 0.0 0.0 9.0 0.0
1942.0091717719076 0.0 0.0 0.0 1.0 0.0 0.0 9.0 0.0
1943.0081560298624 0.0 0.0 0.0 1.0 0.0 0.0 9.0 0.0
1944.0091717719076 0.0 0.0 0.0 1.0 0.0 0.0 9.0 0.0
1945.0091717719076 0.0 0.0 0.0 1.0 0.0 0.0 9.0 0.0
1946.0091717719076 0.0 0.0 0.0 1.0 0.0 0.0 9.0 0.0
1947.008422196067 0.0 0.0 0.0 1.0 0.0 0.0 9.0 0.0
1948.0091717719076 0.0 0.0 0.0 1.0 0.0 0.0 9.0 0.0
1949.0091717719076 0.0 0.0 0.0 1.0 0.0 0.0 9.0 0.0
1950.0091717719076 0.0 0.0 0.0 1.0 0.0 0.0 9.0 0.0
1951.0091717719076 0.0 0.0 0.0 1.0 0.0 0.0 9.0 0.0
1952.0091717719076 0.0 0.0 0.0 1.0 0.0 0.0 9.0 0.0
1953.0091717719076 0.0 0.0 0.0 1.0 0.0 0.0 9.0 0.0
1954.0091717719076 0.0 0.0 0.0 1.0 0.0 0.0 9.0 0.0
1955.0091717719076 0.0 0.0 0.0 1.0 0.0 0.0 9.0 0.0
1956.0091717719076 0.0 0.0 0.0 1.0 0.0 0.0 9.0 0.0
1957.0091717719076 0.0 0.0 0.0 1.0 0.0 0.0 9.0 0.0
1958.0091717719076 0.0 0.0 0.0 1.0 0.0 0.0 9.0 0.0
1959.0091717719076 0.0 0.0 0.0 1.0 0.0 0.0 9.0 0.0
1960.0091717719076 0.0 0.0 0.0 1.0 0.0 0.0 9.0 0.0
1961.0091717719076 0.0 0.0 0.0 1.0 0.0 0.0 9.0 0.0
1962.0001508151615 0.0 0.0 0.0 1.0 0.0 0.0 9.0 0.0
1963.0091717719076 0.0 0.0 0.0 1.0 0.0 0.0 9.0 0.0
1964.0091717719076 0.0 0.0 0.0 1.0 0.0 0.0 9.0 0.0
1965.0091717719076 0.0 0.0 0.0 1.0 0.0 0.0 9.0 0.0
1966.0091717719076 0.0 0.0 0.0 1.0 0.0 0.0 9.0 0.0
1967.0018459552227 0.0 0.0 0.0 1.0 0.0 0.0 9.0 0.0
1968.0091717719076 0.0 0.0 0.0 1.0 0.0 0.0 9.0 0.0
1969.0091717719076 0.0 0.0 0.0 1.0 0.0 0.0 9.0 0.0
1970.0091717719076 0.0 0.0 0.0 1.0 0.0 0.0 9.0 0.0
1971.0052010551638 0.0 0.0 0.0 1.0 0.0 0.0 9.0 0.0
1972.0091717719076 0.0 0.0 0.0 1.0 0.0 0.0 9.0 0.0
1973.0091717719076 0.0 0.0 0.0 1.0 0.0 0.0 9.0 0.0
1974.0091717719076 0.0 0.0 0.0 1.0 0.0 0.0 9.0 0.0
1975.0091717719076 0.0 0.0 0.0 1.0 0.0 0.0 9.0 0.0
1976.0067753069256 0.0 0.0 0.0 1.0 0.0 0.0 9.0 0.0
1977.0091717719076 0.0 0.0 0.0 1.0 0.0 0.0 9.0 0.0
1978.0004625889417 0.0 0.0 0.0 1.0 0.0 0.0 9.0 0.0
1979.0091717719076 0.0 0.0 0.0 1.0 0.0 0.0 9.0 0.0
1980.0091717719076 0.0 0.0 0.0 1.0 0.0 0.0 9.0 0.0
1981.0091717719076 0.0 0.0 0.0 1.0 0.0 0.0 9.0 0.0
1982.0091717719076 0.0 0.0 0.0 1.0 0.0 0.0 9.0 0.0
1983.0091717719076 0.0 0.0 0.0 1.0 0.0 0.0 9.0 0.0
1984.0091717719076 0.0 0.0 0.0 1.0 0.0 0.0 9.0 0.0
1985.0091717719076 0.0 0.0 0.0 1.0 0.0 0.0 9.0 0.0
1986.0091717719076 0.0 0.0 0.0 1.0 0.0 0.0 9.0 0.0
1987.0091717719076 0.0 0.0 0.0 1.0 0.0 0.0 9.0 0.0
1988.0091717719076 0.0 0.0 0.0 1.0 0.0 0.0 9.0 0.0
1989.0091717719076 0.0 0.0 0.0 1.0 0.0 0.0 9.0 0.0
1990.0008437256479 0.0 0.0 0.0 1.0 0.0 0.0 9.0 0.0
1991.0091717719076 0.0 0.0 0.0 1.0 0.0 0.0 9.0 0.0
1992.0022777917868 0.0 0.0 0.0 1.0 0.0 0.0 9.0 0.0
1993.0072808286245 0.0 0.0 0.0 1.0 0.0 0.0 9.0 0.0
1994.0091717719076 0.0 0.0 0.0 1.0 0.0 0.0 9.0 0.0
1995.0091717719076 0.0 0.0 0.0 1.0 0.0 0.0 9.0 0.0
1996.0091717719076 0.0 0.0 0.0 1.0 0.0 0.0 9.0 0.0
1997.0091717719076 0.0 0.0 0.0 1.0 0.0 0.0 9.0 0.0
1998.0091717719076 0.0 0.0 0.0 1.0 0.0 0.0 9.0 0.0
1999.0019511871678 0.0 0.0 0.0 1.0 0.0 0.0 9.0 0.0
2000.0040696674444 0.0 0.0 0.0 1.0 0.0 0.0 9.0 0.0
2001.0091717719076 0.0 0.0 0.0 1.0 0.0 0.0 9.0 0.0
2002.006710361129 0.0 0.0 0.0 1.0 0.0 0.0 9.0 0.0
2003.0091717719076 0.0 0.0 0.0 1.0 0.0 0.0 9.0 0.0
2004.0091717719076 0.0 0.0 0.0 1.0 0.0 0.0 9.0 0.0
2005.0091717719076 0.0 0.0 0.0 1.0 0.0 0.0 9.0 0.0
2006.0091717719076 0.0 0.0 0.0 1.0 0.0 0.0 9.0 0.0
2007.0091717719076 0.0 0.0 0.0 1.0 0.0 0.0 9.0 0.0
2008.003210144004 0.0 0.0 0.0 1.0 0.0 0.0 9.0 0.0
2009.0091717719076 0.0 0.0 0.0 1.0 0.0 0.0 9.0 0.0
2010.0091717719076 0.0 0.0 0.0 1.0 0.0 0.0 9.0 0.0
2011.001462880935 0.0 0.0 0.0 1.0 0.0 0.0 9.0 0.0
2012.0091717719076 0.0 0.0 0.0 1.0 0.0 0.0 9.0 0.0
2013.0091717719076 0.0 0.0 0.0 1.0 0.0 0.0 9.0 0.0
2014.0091717719076 0.0 0.0 0.0 1.0 0.0 0.0 9.0 0.0
2015.0091717719076 0.0 0.0 0.0 1.0 0.0 0.0 9.0 0.0
2016.0090383942147 0.0 0.0 0.0 1.0 0.0 0.0 9.0 0.0
2017.006102593781 0.0 0.0 0.0 1.0 0.0 0.0 9.0 0.0
2018.0091717719076 0.0 0.0 0.0 1.0 0.0 0.0 9.0 0.0
2019.0091717719076 0.0 0.0 0.0 1.0 0.0 0.0 9.0 0.0
2020.0091717719076 0.0 0.0 0.0 1.0 0.0 0.0 9.0 0.0
2021.0040522403597 0.0 0.0 0.0 1.0 0.0 0.0 9.0 0.0
2022.0091717719076 0.0 0.0 0.0 1.0 0.0 0.0 9.0 0.0
2023.0091717719076 0.0 0.0 0.0 1.0 0.0 0.0 9.0 0.0
2024.0026138997878 0.0 0.0 0.0 1.0 0.0 0.0 9.0 0.0
2025.0012870327455 0.0 0.0 0.0 1.0 0.0 0.0 9.0 0.0
2026.0017142306344 0.0 0.0 0.0 1.0 0.0 0.0 9.0 0.0
2027.0091717719076 0.0 0.0 0.0 1.0 0.0 0.0 9.0 0.0
2028.0091717719076 0.0 0.0 0.0 1.0 0.0 0.0 9.0 0.0
2029.0091717719076 0.0 0.0 0.0 1.0 0.0 0.0 9.0 0.0
2030.0091717719076 0.0 0.0 0.0 1.0 0.0 0.0 9.0 0.0
2031.0091717719076 0.0 0.0 0.0 1.0 0.0 0.0 9.0 0.0
2032.0091717719076 0.0 0.0 0.0 1.0 0.0 0.0 9.0 0.0
2033.0091717719076 0.0 0.0 0.0 1.0 0.0 0.0 9.0 0.0
2034.0067357953935 0.0 0.0 0.0 1.0 0.0 0.0 9.0 0.0
2035.0022214965443 0.0 0.0 0.0 1.0 0.0 0.0 9.0 0.0
2036.0091717719076 0.0 0.0 0.0 1.0 0.0 0.0 9.0 0.0
2037.0091717719076 0.0 0.0 0.0 1.0 0.0 0.0 9.0 0.0
2038.0078525846668 0.0 0.0 0.0 1.0 0.0 0.0 9.0 0.0
2039.0091717719076 0.0 0.0 0.0 1.0 0.0 0.0 9.0 0.0
2040.0027007240958 0.0 0.0 0.0 1.0 0.0 0.0 9.0 0.0
2041.0091717719076 0.0 0.0 0.0 1.0 0.0 0.0 9.0 0.0
2042.0091717719076 0.0 0.0 0.0 1.0 0.0 0.0 9.0 0.0
2043.0091717719076 0.0 0.0 0.0 1.0 0.0 0.0 9.0 0.0
2044.0091717719076 0.0 0.0 0.0 1.0 0.0 0.0 9.0 0.0
2045.0091717719076 0.0 0.0 0.0 1.0 0.0 0.0 9.0 0.0
2046.0000016540728 0.0 0.0 0.0 1.0 0.0 0.0 9.0 0.0
2047.0091717719076 0.0 0.0 0.0 1.0 0.0 0.0 9.0 0.0
2048.000569754223 0.0 0.0 0.0 1.0 0.0 0.0 9.0 0.0
2049.002073429867 0.0 0.0 0.0 1.0 0.0 0.0 9.0 0.0
2050.009171771908 0.0 0.0 0.0 1.0 0.0 0.0 9.0 0.0
2051.009171771908 0.0 0.0 0.0 1.0 0.0 0.0 9.0 0.0
2052.0071964330727 0.0 0.0 0.0 1.0 0.0 0.0 9.0 0.0
2053.009075753892 0.0 0.0 0.0 1.0 0.0 0.0 9.0 0.0
2054.009171771908 0.0 0.0 0.0 1.0 0.0 0.0 9.0 0.0
2055.009171771908 0.0 0.0 0.0 1.0 0.0 0.0 9.0 0.0
2056.009171771908 0.0 0.0 0.0 1.0 0.0 0.0 9.0 0.0
2057.009171771908 0.0 0.0 0.0 1.0 0.0 0.0 9.0 0.0
2058.009171771908 0.0 0.0 0.0 1.0 0.0 0.0 9.0 0.0
2059.009171771908 0.0 0.0 0.0 1.0 0.0 0.0 9.0 0.0
2060.00172881714 0.0 0.0 0.0 1.0 0.0 0.0 9.0 0.0
2061.005512442583 0.0 0.0 0.0 1.0 0.0 0.0 9.0 0.0
2062.009171771908 0.0 0.0 0.0 1.0 0.0 0.0 9.0 0.0
2063.009171771908 0.0 0.0 0.0 1.0 0.0 0.0 9.0 0.0
2064.009171771908 0.0 0.0 0.0 1.0 0.0 0.0 9.0 0.0
2065.009171771908 0.0 0.0 0.0 1.0 0.0 0.0 9.0 0.0
2066.009171771908 0.0 0.0 0.0 1.0 0.0 0.0 9.0 0.0
2067.009171771908 0.0 0.0 0.0 1.0 0.0 0.0 9.0 0.0
2068.0050013125333 0.0 0.0 0.0 1.0 0.0 0.0 9.0 0.0
2069.009171771908 0.0 0.0 0.0 1.0 0.0 0.0 9.0 0.0
2070.009171771908 0.0 0.0 0.0 1.0 0.0 0.0 9.0 0.0
2071.009171771908 0.0 0.0 0.0 1.0 0.0 0.0 9.0 0.0
2072.006167660512 0.0 0.0 0.0 1.0 0.0 0.0 9.0 0.0
2073.009171771908 0.0 0.0 0.0 1.0 0.0 0.0 9.0 0.0
2074.009171771908 0.0 0.0 0.0 1.0 0.0 0.0 9.0 0.0
2075.009171771908 0.0 0.0 0.0 1.0 0.0 0.0 9.0 0.0
2076.009171771908 0.0 0.0 0.0 1.0 0.0 0.0 9.0 0.0
2077.009171771908 0.0 0.0 0.0 1.0 0.0 0.0 9.0 0.0
2078.009171771908 0.0 0.0 0.0 1.0 0.0 0.0 9.0 0.0
2079.009171771908 0.0 0.0 0.0 1.0 0.0 0.0 9.0 0.0
2080.009171771908 0.0 0.0 0.0 1.0 0.0 0.0 9.0 0.0
2081.001415151366 0.0 0.0 0.0 1.0 0.0 0.0 9.0 0.0
2082.009171771908 0.0 0.0 0.0 1.0 0.0 0.0 9.0 0.0
2083.009171771908 0.0 0.0 0.0 1.0 0.0 0.0 9.0 0.0
2084.009171771908 0.0 0.0 0.0 1.0 0.0 0.0 9.0 0.0
2085.009171771908 0.0 0.0 0.0 1.0 0.0 0.0 9.0 0.0
2086.009171771908 0.0 0.0 0.0 1.0 0.0 0.0 9.0 0.0
2087.009171771908 0.0 0.0 0.0 1.0 0.0 0.0 9.0 0.0
2088.009171771908 0.0 0.0 0.0 1.0 0.0 0.0 9.0 0.0
2089.009171771908 0.0 0.0 0.0 1.0 0.0 0.0 9.0 0.0
2090.009171771908 0.0 0.0 0.0 1.0 0.0 0.0 9.0 0.0
2091.009171771908 0.0 0.0 0.0 1.0 0.0 0.0 9.0 0.0
2092.009171771908 0.0 0.0 0.0 1.0 0.0 0.0 9.0 0.0
2093.009171771908 0.0 0.0 0.0 1.0 0.0 0.0 9.0 0.0
2094.0078155917413 0.0 0.0 0.0 1.0 0.0 0.0 9.0 0.0
2095.009171771908 0.0 0.0 0.0 1.0 0.0 0.0 9.0 0.0
2096.009171771908 0.0 0.0 0.0 1.0 0.0 0.0 9.0 0.0
2097.009171771908 0.0 0.0 0.0 1.0 0.0 0.0 9.0 0.0
2098.009171771908 0.0 0.0 0.0 1.0 0.0 0.0 9.0 0.0
2099.009171771908 0.0 0.0 0.0 1.0 0.0 0.0 9.0 0.0
2100.009171771908 0.0 0.0 0.0 1.0 0.0 0.0 9.0 0.0
2101.009171771908 0.0 0.0 0.0 1.0 0.0 0.0 9.0 0.0
2102.000822247415 0.0 0.0 0.0 1.0 0.0 0.0 9.0 0.0
2103.009171771908 0.0 0.0 0.0 1.0 0.0 0.0 9.0 0.0
2104.009171771908 0.0 0.0 0.0 1.0 0.0 0.0 9.0 0.0
2105.009171771908 0.0 0.0 0.0 1.0 0.0 0.0 9.0 0.0
2106.001580955913 0.0 0.0 0.0 1.0 0.0 0.0 9.0 0.0
2107.009171771908 0.0 0.0 0.0 1.0 0.0 0.0 9.0 0.0
2108.006698230492 0.0 0.0 0.0 1.0 0.0 0.0 9.0 0.0
2109.009171771908 0.0 0.0 0.0 1.0 0.0 0.0 9.0 0.0
2110.009171771908 0.0 0.0 0.0 1.0 0.0 0.0 9.0 0.0
2111.009171771908 0.0 0.0 0.0 1.0 0.0 0.0 9.0 0.0
2112.009171771908 0.0 0.0 0.0 1.0 0.0 0.0 9.0 0.0
2113.00325870155 0.0 0.0 0.0 1.0 0.0 0.0 9.0 0.0
2114.0069264330536 0.0 0.0 0.0 1.0 0.0 0.0 9.0 0.0
2115.0058296594166 0.0 0.0 0.0 1.0 0.0 0.0 9.0 0.0
2116.009171771908 0.0 0.0 0.0 1.0 0.0 0.0 9.0 0.0
2117.009171771908 0.0 0.0 0.0 1.0 0.0 0.0 9.0 0.0
2118.0079519430114 0.0 0.0 0.0 1.0 0.0 0.0 9.0 0.0
2119.009171771908 0.0 0.0 0.0 1.0 0.0 0.0 9.0 0.0
2120.009171771908 0.0 0.0 0.0 1.0 0.0 0.0 9.0 0.0
2121.009171771908 0.0 0.0 0.0 1.0 0.0 0.0 9.0 0.0
2122.009171771908 0.0 0.0 0.0 1.0 0.0 0.0 9.0 0.0
2123.009171771908 0.0 0.0 0.0 1.0 0.0 0.0 9.0 0.0
2124.009171771908 0.0 0.0 0.0 1.0 0.0 0.0 9.0 0.0
2125.009171771908 0.0 0.0 0.0 1.0 0.0 0.0 9.0 0.0
2126.009171771908 0.0 0.0 0.0 1.0 0.0 0.0 9.0 0.0
2127.009171771908 0.0 0.0 0.0 1.0 0.0 0.0 9.0 0.0
2128.009171771908 0.0 0.0 0.0 1.0 0.0 0.0 9.0 0.0
2129.0024197294 0.0 0.0 0.0 1.0 0.0 0.0 9.0 0.0
2130.009171771908 0.0 0.0 0.0 1.0 0.0 0.0 9.0 0.0
2131.009171771908 0.0 0.0 0.0 1.0 0.0 0.0 9.0 0.0
2132.009171771908 0.0 0.0 0.0 1.0 0.0 0.0 9.0 0.0
2133.009171771908 0.0 0.0 0.0 1.0 0.0 0.0 9.0 0.0
2134.0004668719116 0.0 0.0 0.0 1.0 0.0 0.0 9.0 0.0
2135.009171771908 0.0 0.0 0.0 1.0 0.0 0.0 9.0 0.0
2136.0022917674896 0.0 0.0 0.0 1.0 0.0 0.0 9.0 0.0
2137.009171771908 0.0 0.0 0.0 1.0 0.0 0.0 9.0 0.0
2138.009171771908 0.0 0.0 0.0 1.0 0.0 0.0 9.0 0.0
2139.001041221824 0.0 0.0 0.0 1.0 0.0 0.0 9.0 0.0
2140.009171771908 0.0 0.0 0.0 1.0 0.0 0.0 9.0 0.0
2141.0061582010735 0.0 0.0 0.0 1.0 0.0 0.0 9.0 0.0
2142.006645545591 0.0 0.0 0.0 1.0 0.0 0.0 9.0 0.0
2143.009171771908 0.0 0.0 0.0 1.0 0.0 0.0 9.0 0.0
2144.0091586767066 0.0 0.0 0.0 1.0 0.0 0.0 9.0 0.0
2145.009171771908 0.0 0.0 0.0 1.0 0.0 0.0 9.0 0.0
2146.009171771908 0.0 0.0 0.0 1.0 0.0 0.0 9.0 0.0
2147.009171771908 0.0 0.0 0.0 1.0 0.0 0.0 9.0 0.0
2148.0033194861776 0.0 0.0 0.0 1.0 0.0 0.0 9.0 0.0
2149.009171771908 0.0 0.0 0.0 1.0 0.0 0.0 9.0 0.0
2150.009171771908 0.0 0.0 0.0 1.0 0.0 0.0 9.0 0.0
2151.005563001513 0.0 0.0 0.0 1.0 0.0 0.0 9.0 0.0
2152.009171771908 0.0 0.0 0.0 1.0 0.0 0.0 9.0 0.0
2153.009171771908 0.0 0.0 0.0 1.0 0.0 0.0 9.0 0.0
2154.000976769291 0.0 0.0 0.0 1.0 0.0 0.0 9.0 0.0
2155.009171771908 0.0 0.0 0.0 1.0 0.0 0.0 9.0 0.0
2156.009171771908 0.0 0.0 0.0 1.0 0.0 0.0 9.0 0.0
2157.009171771908 0.0 0.0 0.0 1.0 0.0 0.0 9.0 0.0
2158.009171771908 0.0 0.0 0.0 1.0 0.0 0.0 9.0 0.0
2159.009171771908 0.0 0.0 0.0 1.0 0.0 0.0 9.0 0.0
2160.009171771908 0.0 0.0 0.0 1.0 0.0 0.0 9.0 0.0
2161.009171771908 0.0 0.0 0.0 1.0 0.0 0.0 9.0 0.0
2162.009171771908 0.0 0.0 0.0 1.0 0.0 0.0 9.0 0.0
2163.0001151589554 0.0 0.0 0.0 1.0 0.0 0.0 9.0 0.0
2164.005197589335 0.0 0.0 0.0 1.0 0.0 0.0 9.0 0.0
2165.009171771908 0.0 0.0 0.0 1.0 0.0 0.0 9.0 0.0
2166.0042354006587 0.0 0.0 0.0 1.0 0.0 0.0 9.0 0.0
2167.009171771908 0.0 0.0 0.0 1.0 0.0 0.0 9.0 0.0
2168.0074664926633 0.0 0.0 0.0 1.0 0.0 0.0 9.0 0.0
2169.009171771908 0.0 0.0 0.0 1.0 0.0 0.0 9.0 0.0
2170.009171771908 0.0 0.0 0.0 1.0 0.0 0.0 9.0 0.0
2171.009171771908 0.0 0.0 0.0 1.0 0.0 0.0 9.0 0.0
2172.009171771908 0.0 0.0 0.0 1.0 0.0 0.0 9.0 0.0
2173.009171771908 0.0 0.0 0.0 1.0 0.0 0.0 9.0 0.0
2174.0026698817105 0.0 0.0 0.0 1.0 0.0 0.0 9.0 0.0
2175.009171771908 0.0 0.0 0.0 1.0 0.0 0.0 9.0 0.0
2176.007409516787 0.0 0.0 0.0 1.0 0.0 0.0 9.0 0.0
2177.009171771908 0.0 0.0 0.0 1.0 0.0 0.0 9.0 0.0
2178.0054094152547 0.0 0.0 0.0 1.0 0.0 0.0 9.0 0.0
2179.0025379498306 0.0 0.0 0.0 1.0 0.0 0.0 9.0 0.0
2180.009171771908 0.0 0.0 0.0 1.0 0.0 0.0 9.0 0.0
2181.006129871082 0.0 0.0 0.0 1.0 0.0 0.0 9.0 0.0
2182.009171771908 0.0 0.0 0.0 1.0 0.0 0.0 9.0 0.0
2183.000369974136 0.0 0.0 0.0 1.0 0.0 0.0 9.0 0.0
2184.009171771908 0.0 0.0 0.0 1.0 0.0 0.0 9.0 0.0
2185.009171771908 0.0 0.0 0.0 1.0 0.0 0.0 9.0 0.0
2186.009171771908 0.0 0.0 0.0 1.0 0.0 0.0 9.0 0.0
2187.009171771908 0.0 0.0 0.0 1.0 0.0 0.0 9.0 0.0
2188.009171771908 0.0 0.0 0.0 1.0 0.0 0.0 9.0 0.0
2189.0022028876774 0.0 0.0 0.0 1.0 0.0 0.0 9.0 0.0
2190.008827302004 0.0 0.0 0.0 1.0 0.0 0.0 9.0 0.0
2191.009171771908 0.0 0.0 0.0 1.0 0.0 0.0 9.0 0.0
2192.009171771908 0.0 0.0 0.0 1.0 0.0 0.0 9.0 0.0
2193.009171771908 0.0 0.0 0.0 1.0 0.0 0.0 9.0 0.0
2194.009171771908 0.0 0.0 0.0 1.0 0.0 0.0 9.0 0.0
2195.0051148331218 0.0 0.0 0.0 1.0 0.0 0.0 9.0 0.0
2196.009171771908 0.0 0.0 0.0 1.0 0.0 0.0 9.0 0.0
2197.009171771908 0.0 0.0 0.0 1.0 0.0 0.0 9.0 0.0
2198.009171771908 0.0 0.0 0.0 1.0 0.0 0.0 9.0 0.0
2199.009171771908 0.0 0.0 0.0 1.0 0.0 0.0 9.0 0.0
2200.009171771908 0.0 0.0 0.0 1.0 0.0 0.0 9.0 0.0
2201.009171771908 0.0 0.0 0.0 1.0 0.0 0.0 9.0 0.0
2202.00217187 0.0 0.0 0.0 1.0 0.0 0.0 9.0 0.0
2203.009171771908 0.0 0.0 0.0 1.0 0.0 0.0 9.0 0.0
2204.003851521178 0.0 0.0 0.0 1.0 0.0 0.0 9.0 0.0
2205.009171771908 0.0 0.0 0.0 1.0 0.0 0.0 9.0 0.0
2206.009171771908 0.0 0.0 0.0 1.0 0.0 0.0 9.0 0.0
2207.009171771908 0.0 0.0 0.0 1.0 0.0 0.0 9.0 0.0
2208.009171771908 0.0 0.0 0.0 1.0 0.0 0.0 9.0 0.0
2209.0042551306815 0.0 0.0 0.0 1.0 0.0 0.0 9.0 0.0
2210.009171771908 0.0 0.0 0.0 1.0 0.0 0.0 9.0 0.0
2211.009171771908 0.0 0.0 0.0 1.0 0.0 0.0 9.0 0.0
2212.009171771908 0.0 0.0 0.0 1.0 0.0 0.0 9.0 0.0
2213.009171771908 0.0 0.0 0.0 1.0 0.0 0.0 9.0 0.0
2214.009171771908 0.0 0.0 0.0 1.0 0.0 0.0 9.0 0.0
2215.009171771908 0.0 0.0 0.0 1.0 0.0 0.0 9.0 0.0
2216.0054292879813 0.0 0.0 0.0 1.0 0.0 0.0 9.0 0.0
2217.009171771908 0.0 0.0 0.0 1.0 0.0 0.0 9.0 0.0
2218.009171771908 0.0 0.0 0.0 1.0 0.0 0.0 9.0 0.0
2219.009171771908 0.0 0.0 0.0 1.0 0.0 0.0 9.0 0.0
2220.009171771908 0.0 0.0 0.0 1.0 0.0 0.0 9.0 0.0
2221.005102212096 0.0 0.0 0.0 1.0 0.0 0.0 9.0 0.0
2222.009171771908 0.0 0.0 0.0 1.0 0.0 0.0 9.0 0.0
2223.009171771908 0.0 0.0 0.0 1.0 0.0 0.0 9.0 0.0
2224.009171771908 0.0 0.0 0.0 1.0 0.0 0.0 9.0 0.0
2225.009171771908 0.0 0.0 0.0 1.0 0.0 0.0 9.0 0.0
2226.009171771908 0.0 0.0 0.0 1.0 0.0 0.0 9.0 0.0
2227.009171771908 0.0 0.0 0.0 1.0 0.0 0.0 9.0 0.0
2228.009171771908 0.0 0.0 0.0 1.0 0.0 0.0 9.0 0.0
2229.009171771908 0.0 0.0 0.0 1.0 0.0 0.0 9.0 0.0
2230.009171771908 0.0 0.0 0.0 1.0 0.0 0.0 9.0 0.0
2231.009171771908 0.0 0.0 0.0 1.0 0.0 0.0 9.0 0.0
2232.0087202988834 0.0 0.0 0.0 1.0 0.0 0.0 9.0 0.0
2233.009171771908 0.0 0.0 0.0 1.0 0.0 0.0 9.0 0.0
2234.0080042073564 0.0 0.0 0.0 1.0 0.0 0.0 9.0 0.0
2235.009171771908 0.0 0.0 0.0 1.0 0.0 0.0 9.0 0.0
2236.009171771908 0.0 0.0 0.0 1.0 0.0 0.0 9.0 0.0
2237.009171771908 0.0 0.0 0.0 1.0 0.0 0.0 9.0 0.0
2238.007784052352 0.0 0.0 0.0 1.0 0.0 0.0 9.0 0.0
2239.009171771908 0.0 0.0 0.0 1.0 0.0 0.0 9.0 0.0
2240.009171771908 0.0 0.0 0.0 1.0 0.0 0.0 9.0 0.0
2241.009171771908 0.0 0.0 0.0 1.0 0.0 0.0 9.0 0.0
2242.009171771908 0.0 0.0 0.0 1.0 0.0 0.0 9.0 0.0
2243.000058945289 0.0 0.0 0.0 1.0 0.0 0.0 9.0 0.0
2244.009171771908 0.0 0.0 0.0 1.0 0.0 0.0 9.0 0.0
2245.009171771908 0.0 0.0 0.0 1.0 0.0 0.0 9.0 0.0
2246.009171771908 0.0 0.0 0.0 1.0 0.0 0.0 9.0 0.0
2247.009171771908 0.0 0.0 0.0 1.0 0.0 0.0 9.0 0.0
2248.002899554284 0.0 0.0 0.0 1.0 0.0 0.0 9.0 0.0
2249.009171771908 0.0 0.0 0.0 1.0 0.0 0.0 9.0 0.0
2250.0013898385037 0.0 0.0 0.0 1.0 0.0 0.0 9.0 0.0
2251.009171771908 0.0 0.0 0.0 1.0 0.0 0.0 9.0 0.0
2252.009171771908 0.0 0.0 0.0 1.0 0.0 0.0 9.0 0.0
2253.009171771908 0.0 0.0 0.0 1.0 0.0 0.0 9.0 0.0
2254.0040157848503 0.0 0.0 0.0 1.0 0.0 0.0 9.0 0.0
2255.009171771908 0.0 0.0 0.0 1.0 0.0 0.0 9.0 0.0
2256.009171771908 0.0 0.0 0.0 1.0 0.0 0.0 9.0 0.0
2257.009171771908 0.0 0.0 0.0 1.0 0.0 0.0 9.0 0.0
2258.009171771908 0.0 0.0 0.0 1.0 0.0 0.0 9.0 0.0
2259.009171771908 0.0 0.0 0.0 1.0 0.0 0.0 9.0 0.0
2260.0018768651503 0.0 0.0 0.0 1.0 0.0 0.0 9.0 0.0
2261.009171771908 0.0 0.0 0.0 1.0 0.0 0.0 9.0 0.0
2262.009171771908 0.0 0.0 0.0 1.0 0.0 0.0 9.0 0.0
2263.009171771908 0.0 0.0 0.0 1.0 0.0 0.0 9.0 0.0
2264.009171771908 0.0 0.0 0.0 1.0 0.0 0.0 9.0 0.0
2265.004509820582 0.0 0.0 0.0 1.0 0.0 0.0 9.0 0.0
2266.009171771908 0.0 0.0 0.0 1.0 0.0 0.0 9.0 0.0
2267.0081093032113 0.0 0.0 0.0 1.0 0.0 0.0 9.0 0.0
2268.009171771908 0.0 0.0 0.0 1.0 0.0 0.0 9.0 0.0
2269.009171771908 0.0 0.0 0.0 1.0 0.0 0.0 9.0 0.0
2270.009171771908 0.0 0.0 0.0 1.0 0.0 0.0 9.0 0.0
2271.009171771908 0.0 0.0 0.0 1.0 0.0 0.0 9.0 0.0
2272.009171771908 0.0 0.0 0.0 1.0 0.0 0.0 9.0 0.0
2273.0024711694887 0.0 0.0 0.0 1.0 0.0 0.0 9.0 0.0
2274.009171771908 0.0 0.0 0.0 1.0 0.0 0.0 9.0 0.0
2275.009171771908 0.0 0.0 0.0 1.0 0.0 0.0 9.0 0.0
2276.009171771908 0.0 0.0 0.0 1.0 0.0 0.0 9.0 0.0
2277.009171771908 0.0 0.0 0.0 1.0 0.0 0.0 9.0 0.0
2278.009171771908 0.0 0.0 0.0 1.0 0.0 0.0 9.0 0.0
2279.0016707205045 0.0 0.0 0.0 1.0 0.0 0.0 9.0 0.0
2280.0034256836407 0.0 0.0 0.0 1.0 0.0 0.0 9.0 0.0
2281.0031169841736 0.0 0.0 0.0 1.0 0.0 0.0 9.0 0.0
2282.009171771908 0.0 0.0 0.0 1.0 0.0 0.0 9.0 0.0
2283.009171771908 0.0 0.0 0.0 1.0 0.0 0.0 9.0 0.0
2284.009171771908 0.0 0.0 0.0 1.0 0.0 0.0 9.0 0.0
2285.009171771908 0.0 0.0 0.0 1.0 0.0 0.0 9.0 0.0
2286.009171771908 0.0 0.0 0.0 1.0 0.0 0.0 9.0 0.0
2287.009171771908 0.0 0.0 0.0 1.0 0.0 0.0 9.0 0.0
2288.009171771908 0.0 0.0 0.0 1.0 0.0 0.0 9.0 0.0
2289.009171771908 0.0 0.0 0.0 1.0 0.0 0.0 9.0 0.0
2290.009171771908 0.0 0.0 0.0 1.0 0.0 0.0 9.0 0.0
2291.009171771908 0.0 0.0 0.0 1.0 0.0 0.0 9.0 0.0
2292.009171771908 0.0 0.0 0.0 1.0 0.0 0.0 9.0 0.0
2293.009171771908 0.0 0.0 0.0 1.0 0.0 0.0 9.0 0.0
2294.009171771908 0.0 0.0 0.0 1.0 0.0 0.0 9.0 0.0
2295.009171771908 0.0 0.0 0.0 1.0 0.0 0.0 9.0 0.0
2296.009171771908 0.0 0.0 0.0 1.0 0.0 0.0 9.0 0.0
2297.0021026135155 0.0 0.0 0.0 1.0 0.0 0.0 9.0 0.0
2298.009171771908 0.0 0.0 0.0 1.0 0.0 0.0 9.0 0.0
2299.009171771908 0.0 0.0 0.0 1.0 0.0 0.0 9.0 0.0
2300.0001187180187 0.0 0.0 0.0 1.0 0.0 0.0 9.0 0.0
2301.0000879654835 0.42499999999999993 0.0 0.0 0.575 0.0 1.0 9.0 0.4768292682926829
2302.009171771908 0.925 0.0 0.0 0.07500000000000001 0.0 1.0 9.325 0.1353658536585366
2303.009171771908 1.0 0.0 0.0 0.0 0.0 1.0 10.175 0.0
2304.005493969149 1.0 0.0 0.0 0.0 0.0 1.0 10.85 0.0
2305.009171771908 1.0 0.0 0.0 0.0 0.0 1.0 10.95 0.0
2306.0002503038377 1.0 0.0 0.0 0.0 0.0 1.0 11.0 0.0
2307.009171771908 1.0 0.0 0.0 0.0 0.0 1.0 11.0 0.0
2308.009171771908 1.0 0.0 0.0 0.0 0.0 1.0 11.0 0.0
2309.009171771908 1.0 0.0 0.0 0.0 0.0 1.0 11.0 0.0
2310.009171771908 1.0 0.0 0.0 0.0 0.0 1.0 11.0 0.0
2311.0084255867378 1.0 0.0 0.0 0.0 0.0 1.0 11.0 0.0
2312.006613404297 1.0 0.0 0.0 0.0 0.0 1.0 11.0 0.0
2313.0066293046516 1.0 0.0 0.0 0.0 0.0 1.0 11.0 0.0
2314.009171771908 1.0 0.0 0.0 0.0 0.0 1.0 11.0 0.0
2315.009171771908 1.0 0.0 0.0 0.0 0.0 1.0 11.0 0.0
2316.009171771908 1.0 0.0 0.0 0.0 0.0 1.0 11.0 0.0
2317.009171771908 1.0 0.0 0.0 0.0 0.0 1.0 11.0 0.0
2318.009171771908 1.0 0.0 0.0 0.0 0.0 1.0 11.0 0.0
2319.0078217658124 1.0 0.0 0.0 0.0 0.0 1.0 11.0 0.0
2320.005768465467 1.0 0.0 0.0 0.0 0.0 1.0 11.0 0.0
2321.009171771908 1.0 0.0 0.0 0.0 0.0 1.0 11.0 0.0
2322.009171771908 1.0 0.0 0.0 0.0 0.0 1.0 11.0 0.0
2323.0087114953453 1.0 0.0 0.0 0.0 0.0 1.0 11.0 0.0
2324.001842215317 1.0 0.0 0.0 0.0 0.0 1.0 11.0 0.0
2325.00046598634 1.0 0.0 0.0 0.0 0.0 1.0 11.0 0.0
2326.009171771908 1.0 0.0 0.0 0.0 0.0 1.0 11.0 0.0
2327.009171771908 1.0 0.0 0.0 0.0 0.0 1.0 11.0 0.0
2328.009171771908 1.0 0.0 0.0 0.0 0.0 1.0 11.0 0.0
2329.009171771908 1.0 0.0 0.0 0.0 0.0 1.0 11.0 0.0
2330.001616160929 1.0 0.0 0.0 0.0 0.0 1.0 11.0 0.0
2331.0071262671545 1.0 0.0 0.0 0.0 0.0 1.0 11.0 0.0
2332.0026153438034 1.0 0.0 0.0 0.0 0.0 1.0 11.0 0.0
2333.009171771908 1.0 0.0 0.0 0.0 0.0 1.0 11.0 0.0
2334.009171771908 1.0 0.0 0.0 0.0 0.0 1.0 11.0 0.0
2335.0051861524116 1.0 0.0 0.0 0.0 0.0 1.0 11.0 0.0
2336.003002188247 1.0 0.0 0.0 0.0 0.0 1.0 11.0 0.0
2337.009171771908 1.0 0.0 0.0 0.0 0.0 1.0 11.0 0.0
2338.0058252617873 1.0 0.0 0.0 0.0 0.0 1.0 11.0 0.0
2339.009171771908 1.0 0.0 0.0 0.0 0.0 1.0 11.0 0.0
2340.009171771908 1.0 0.0 0.0 0.0 0.0 1.0 11.0 0.0
2341.009171771908 1.0 0.0 0.0 0.0 0.0 1.0 11.0 0.0
2342.009171771908 1.0 0.0 0.0 0.0 0.0 1.0 11.0 0.0
2343.009171771908 1.0 0.0 0.0 0.0 0.0 1.0 11.0 0.0
2344.009171771908 1.0 0.0 0.0 0.0 0.0 1.0 11.0 0.0
2345.009171771908 1.0 0.0 0.0 0.0 0.0 1.0 11.0 0.0
2346.009171771908 1.0 0.0 0.0 0.0 0.0 1.0 11.0 0.0
2347.009171771908 1.0 0.0 0.0 0.0 0.0 1.0 11.0 0.0
2348.009171771908 1.0 0.0 0.0 0.0 0.0 1.0 11.0 0.0
2349.0035273666595 1.0 0.0 0.0 0.0 0.0 1.0 11.0 0.0
2350.0035430921444 1.0 0.0 0.0 0.0 0.0 1.0 11.0 0.0
2351.009171771908 1.0 0.0 0.0 0.0 0.0 1.0 11.0 0.0
2352.009171771908 1.0 0.0 0.0 0.0 0.0 1.0 11.0 0.0
2353.009171771908 1.0 0.0 0.0 0.0 0.0 1.0 11.0 0.0
2354.0048733849094 1.0 0.0 0.0 0.0 0.0 1.0 11.0 0.0
2355.0077082379726 1.0 0.0 0.0 0.0 0.0 1.0 11.0 0.0
2356.009171771908 1.0 0.0 0.0 0.0 0.0 1.0 11.0 0.0
2357.009171771908 1.0 0.0 0.0 0.0 0.0 1.0 11.0 0.0
2358.009171771908 1.0 0.0 0.0 0.0 0.0 1.0 11.0 0.0
2359.009171771908 1.0 0.0 0.0 0.0 0.0 1.0 11.0 0.0
2360.009171771908 1.0 0.0 0.0 0.0 0.0 1.0 11.0 0.0
2361.0011391616117 1.0 0.0 0.0 0.0 0.0 1.0 11.0 0.0
2362.00318998069 1.0 0.0 0.0 0.0 0.0 1.0 11.0 0.0
2363.009171771908 1.0 0.0 0.0 0.0 0.0 1.0 11.0 0.0
2364.009171771908 1.0 0.0 0.0 0.0 0.0 1.0 11.0 0.0
2365.0017551999117 1.0 0.0 0.0 0.0 0.0 1.0 11.0 0.0
2366.000946411602 1.0 0.0 0.0 0.0 0.0 1.0 11.0 0.0
2367.009171771908 1.0 0.0 0.0 0.0 0.0 1.0 11.0 0.0
2368.0010473948814 1.0 0.0 0.0 0.0 0.0 1.0 11.0 0.0
2369.000754077522 1.0 0.0 0.0 0.0 0.0 1.0 11.0 0.0
2370.0014493206304 1.0 0.0 0.0 0.0 0.0 1.0 11.0 0.0
2371.009171771908 1.0 0.0 0.0 0.0 0.0 1.0 11.0 0.0
2372.009171771908 1.0 0.0 0.0 0.0 0.0 1.0 11.0 0.0
2373.0040492701305 1.0 0.0 0.0 0.0 0.0 1.0 11.0 0.0
2374.0087474724555 1.0 0.0 0.0 0.0 0.0 1.0 11.0 0.0
2375.009171771908 1.0 0.0 0.0 0.0 0.0 1.0 11.0 0.0
2376.009171771908 1.0 0.0 0.0 0.0 0.0 1.0 11.0 0.0
2377.009171771908 1.0 0.0 0.0 0.0 0.0 1.0 11.0 0.0
2378.009171771908 1.0 0.0 0.0 0.0 0.0 1.0 11.0 0.0
2379.0065850938463 1.0 0.0 0.0 0.0 0.0 1.0 11.0 0.0
2380.0057437119126 1.0 0.0 0.0 0.0 0.0 1.0 11.0 0.0
2381.009171771908 1.0 0.0 0.0 0.0 0.0 1.0 11.0 0.0
2382.009171771908 1.0 0.0 0.0 0.0 0.0 1.0 11.0 0.0
2383.009171771908 1.0 0.0 0.0 0.0 0.0 1.0 11.0 0.0
2384.009171771908 1.0 0.0 0.0 0.0 0.0 1.0 11.0 0.0
2385.009171771908 1.0 0.0 0.0 0.0 0.0 1.0 11.0 0.0
2386.0008612383285 1.0 0.0 0.0 0.0 0.0 1.0 11.0 0.0
2387.006143442101 1.0 0.0 0.0 0.0 0.0 1.0 11.0 0.0
2388.009171771908 1.0 0.0 0.0 0.0 0.0 1.0 11.0 0.0
2389.009171771908 1.0 0.0 0.0 0.0 0.0 1.0 11.0 0.0
2390.009171771908 1.0 0.0 0.0 0.0 0.0 1.0 11.0 0.0
2391.0073650329678 1.0 0.0 0.0 0.0 0.0 1.0 11.0 0.0
2392.009171771908 1.0 0.0 0.0 0.0 0.0 1.0 11.0 0.0
2393.009171771908 1.0 0.0 0.0 0.0 0.0 1.0 11.0 0.0
2394.009171771908 1.0 0.0 0.0 0.0 0.0 1.0 11.0 0.0
2395.009171771908 1.0 0.0 0.0 0.0 0.0 1.0 11.0 0.0
2396.009171771908 1.0 0.0 0.0 0.0 0.0 1.0 11.0 0.0
2397.009171771908 1.0 0.0 0.0 0.0 0.0 1.0 11.0 0.0
2398.009171771908 1.0 0.0 0.0 0.0 0.0 1.0 11.0 0.0
2399.009171771908 1.0 0.0 0.0 0.0 0.0 1.0 11.0 0.0
2400.0 1.0 0.0 0.0 0.0 1.0 1.0 11.0 0.0
2401.009171771908 0.475 0.4 0.125 0.0 1.0 1.0 11.0 0.5841463414634146
2402.009171771908 0.04999999999999999 0.925 0.024999999999999988 0.0 1.0 1.0 11.375 0.1378048780487805
2403.0075373607892 0.024999999999999994 0.975 0.0 0.0 1.0 1.0 12.25 0.0475609756097561
2404.009171771908 0.0 1.0 0.0 0.0 1.0 1.0 12.775 0.0
2405.009171771908 0.0 1.0 0.0 0.0 1.0 1.0 12.925 0.0
2406.001434118311 0.0 1.0 0.0 0.0 1.0 1.0 12.975 0.0
2407.009171771908 0.0 1.0 0.0 0.0 1.0 1.0 13.0 0.0
2408.004527206568 0.0 1.0 0.0 0.0 1.0 1.0 13.0 0.0
2409.009171771908 0.0 1.0 0.0 0.0 1.0 1.0 13.0 0.0
2410.009171771908 0.0 1.0 0.0 0.0 1.0 1.0 13.0 0.0
2411.009171771908 0.0 1.0 0.0 0.0 1.0 1.0 13.0 0.0
2412.009171771908 0.0 1.0 0.0 0.0 1.0 1.0 13.0 0.0
2413.0033970182653 0.0 1.0 0.0 0.0 1.0 1.0 13.0 0.0
2414.009171771908 0.0 1.0 0.0 0.0 1.0 1.0 13.0 0.0
2415.009171771908 0.0 1.0 0.0 0.0 1.0 1.0 13.0 0.0
2416.0088758179586 0.0 1.0 0.0 0.0 1.0 1.0 13.0 0.0
2417.009171771908 0.0 1.0 0.0 0.0 1.0 1.0 13.0 0.0
2418.0004416990823 0.0 1.0 0.0 0.0 1.0 1.0 13.0 0.0
2419.009171771908 0.0 1.0 0.0 0.0 1.0 1.0 13.0 0.0
2420.009171771908 0.0 1.0 0.0 0.0 1.0 1.0 13.0 0.0
2421.009171771908 0.0 1.0 0.0 0.0 1.0 1.0 13.0 0.0
2422.009171771908 0.0 1.0 0.0 0.0 1.0 1.0 13.0 0.0
2423.0040428534385 0.0 1.0 0.0 0.0 1.0 1.0 13.0 0.0
2424.009171771908 0.0 1.0 0.0 0.0 1.0 1.0 13.0 0.0
2425.009171771908 0.0 1.0 0.0 0.0 1.0 1.0 13.0 0.0
2426.009171771908 0.0 1.0 0.0 0.0 1.0 1.0 13.0 0.0
2427.009171771908 0.0 1.0 0.0 0.0 1.0 1.0 13.0 0.0
2428.009171771908 0.0 1.0 0.0 0.0 1.0 1.0 13.0 0.0
2429.009171771908 0.0 1.0 0.0 0.0 1.0 1.0 13.0 0.0
2430.003302872421 0.0 1.0 0.0 0.0 1.0 1.0 13.0 0.0
2431.009171771908 0.0 1.0 0.0 0.0 1.0 1.0 13.0 0.0
2432.009171771908 0.0 1.0 0.0 0.0 1.0 1.0 13.0 0.0
2433.009171771908 0.0 1.0 0.0 0.0 1.0 1.0 13.0 0.0
2434.009171771908 0.0 1.0 0.0 0.0 1.0 1.0 13.0 0.0
2435.009171771908 0.0 1.0 0.0 0.0 1.0 1.0 13.0 0.0
2436.009171771908 0.0 1.0 0.0 0.0 1.0 1.0 13.0 0.0
2437.009171771908 0.0 1.0 0.0 0.0 1.0 1.0 13.0 0.0
2438.0034894426785 0.0 1.0 0.0 0.0 1.0 1.0 13.0 0.0
2439.009171771908 0.0 1.0 0.0 0.0 1.0 1.0 13.0 0.0
2440.009171771908 0.0 1.0 0.0 0.0 1.0 1.0 13.0 0.0
2441.009171771908 0.0 1.0 0.0 0.0 1.0 1.0 13.0 0.0
2442.009171771908 0.0 1.0 0.0 0.0 1.0 1.0 13.0 0.0
2443.009171771908 0.0 1.0 0.0 0.0 1.0 1.0 13.0 0.0
2444.009171771908 0.0 1.0 0.0 0.0 1.0 1.0 13.0 0.0
2445.009171771908 0.0 1.0 0.0 0.0 1.0 1.0 13.0 0.0
2446.009171771908 0.0 1.0 0.0 0.0 1.0 1.0 13.0 0.0
2447.009171771908 0.0 1.0 0.0 0.0 1.0 1.0 13.0 0.0
2448.009171771908 0.0 1.0 0.0 0.0 1.0 1.0 13.0 0.0
2449.009171771908 0.0 1.0 0.0 0.0 1.0 1.0 13.0 0.0
2450.009171771908 0.0 1.0 0.0 0.0 1.0 1.0 13.0 0.0
2451.0090140832385 0.0 1.0 0.0 0.0 1.0 1.0 13.0 0.0
2452.009171771908 0.0 1.0 0.0 0.0 1.0 1.0 13.0 0.0
2453.008328148095 0.0 1.0 0.0 0.0 1.0 1.0 13.0 0.0
2454.009171771908 0.0 1.0 0.0 0.0 1.0 1.0 13.0 0.0
2455.009171771908 0.0 1.0 0.0 0.0 1.0 1.0 13.0 0.0
2456.009171771908 0.0 1.0 0.0 0.0 1.0 1.0 13.0 0.0
2457.0060128839414 0.0 1.0 0.0 0.0 1.0 1.0 13.0 0.0
2458.0014673582878 0.0 1.0 0.0 0.0 1.0 1.0 13.0 0.0
2459.009171771908 0.0 1.0 0.0 0.0 1.0 1.0 13.0 0.0
2460.0019062250144 0.0 1.0 0.0 0.0 1.0 1.0 13.0 0.0
2461.009171771908 0.0 1.0 0.0 0.0 1.0 1.0 13.0 0.0
2462.0074424558316 0.0 1.0 0.0 0.0 1.0 1.0 13.0 0.0
2463.007082856387 0.0 1.0 0.0 0.0 1.0 1.0 13.0 0.0
2464.009171771908 0.0 1.0 0.0 0.0 1.0 1.0 13.0 0.0
2465.009171771908 0.0 1.0 0.0 0.0 1.0 1.0 13.0 0.0
2466.009171771908 0.0 1.0 0.0 0.0 1.0 1.0 13.0 0.0
2467.009171771908 0.0 1.0 0.0 0.0 1.0 1.0 13.0 0.0
2468.006776835819 0.0 1.0 0.0 0.0 1.0 1.0 13.0 0.0
2469.005068167586 0.0 1.0 0.0 0.0 1.0 1.0 13.0 0.0
2470.009171771908 0.0 1.0 0.0 0.0 1.0 1.0 13.0 0.0
2471.004889340828 0.0 1.0 0.0 0.0 1.0 1.0 13.0 0.0
2472.009171771908 0.0 1.0 0.0 0.0 1.0 1.0 13.0 0.0
2473.009171771908 0.0 1.0 0.0 0.0 1.0 1.0 13.0 0.0
2474.0021041147284 0.0 1.0 0.0 0.0 1.0 1.0 13.0 0.0
2475.009171771908 0.0 1.0 0.0 0.0 1.0 1.0 13.0 0.0
2476.009171771908 0.0 1.0 0.0 0.0 1.0 1.0 13.0 0.0
2477.0001194681963 0.0 1.0 0.0 0.0 1.0 1.0 13.0 0.0
2478.002438271841 0.0 1.0 0.0 0.0 1.0 1.0 13.0 0.0
2479.009171771908 0.0 1.0 0.0 0.0 1.0 1.0 13.0 0.0
2480.009171771908 0.0 1.0 0.0 0.0 1.0 1.0 13.0 0.0
2481.009171771908 0.0 1.0 0.0 0.0 1.0 1.0 13.0 0.0
2482.009171771908 0.0 1.0 0.0 0.0 1.0 1.0 13.0 0.0
2483.009171771908 0.0 1.0 0.0 0.0 1.0 1.0 13.0 0.0
2484.009171771908 0.0 1.0 0.0 0.0 1.0 1.0 13.0 0.0
2485.009171771908 0.0 1.0 0.0 0.0 1.0 1.0 13.0 0.0
2486.0084594857713 0.0 1.0 0.0 0.0 1.0 1.0 13.0 0.0
2487.009171771908 0.0 1.0 0.0 0.0 1.0 1.0 13.0 0.0
2488.009171771908 0.0 1.0 0.0 0.0 1.0 1.0 13.0 0.0
2489.0038174122824 0.0 1.0 0.0 0.0 1.0 1.0 13.0 0.0
2490.009171771908 0.0 1.0 0.0 0.0 1.0 1.0 13.0 0.0
2491.005534548993 0.0 1.0 0.0 0.0 1.0 1.0 13.0 0.0
2492.009171771908 0.0 1.0 0.0 0.0 1.0 1.0 13.0 0.0
2493.009171771908 0.0 1.0 0.0 0.0 1.0 1.0 13.0 0.0
2494.009171771908 0.0 1.0 0.0 0.0 1.0 1.0 13.0 0.0
2495.009171771908 0.0 1.0 0.0 0.0 1.0 1.0 13.0 0.0
2496.007232903712 0.0 1.0 0.0 0.0 1.0 1.0 13.0 0.0
2497.0033270353806 0.0 1.0 0.0 0.0 1.0 1.0 13.0 0.0
2498.009171771908 0.0 1.0 0.0 0.0 1.0 1.0 13.0 0.0
2499.00884590227 0.0 1.0 0.0 0.0 1.0 1.0 13.0 0.0
2500.009171771908 0.0 1.0 0.0 0.0 1.0 1.0 13.0 0.0
2501.0042628696324 0.0 0.725 0.0 0.2750000000000001 0.0 1.0 13.0 0.38902439024390245
2502.009171771908 0.525 0.07500000000000002 0.0 0.4 0.0 1.0 13.25 0.5451219512195122
2503.009171771908 0.975 0.024999999999999994 0.0 0.0 0.0 1.0 14.3 0.0475609756097561
2504.0042081781667 0.975 0.024999999999999994 0.0 0.0 0.0 1.0 15.4 0.0475609756097561
2505.009171771908 1.0 0.0 0.0 0.0 0.0 1.0 15.875 0.0
2506.009171771908 1.0 0.0 0.0 0.0 0.0 1.0 15.9 0.0
2507.009171771908 1.0 0.0 0.0 0.0 0.0 1.0 15.975 0.0
2508.0060695863967 1.0 0.0 0.0 0.0 0.0 1.0 15.975 0.0
2509.009171771908 1.0 0.0 0.0 0.0 0.0 1.0 16.0 0.0
2510.001913384127 1.0 0.0 0.0 0.0 0.0 1.0 16.0 0.0
2511.009171771908 1.0 0.0 0.0 0.0 0.0 1.0 16.0 0.0
2512.006903077151 1.0 0.0 0.0 0.0 0.0 1.0 16.0 0.0
2513.009171771908 1.0 0.0 0.0 0.0 0.0 1.0 16.0 0.0
2514.009171771908 1.0 0.0 0.0 0.0 0.0 1.0 16.0 0.0
2515.009171771908 1.0 0.0 0.0 0.0 0.0 1.0 16.0 0.0
2516.009171771908 1.0 0.0 0.0 0.0 0.0 1.0 16.0 0.0
2517.009171771908 1.0 0.0 0.0 0.0 0.0 1.0 16.0 0.0
2518.0075490641652 1.0 0.0 0.0 0.0 0.0 1.0 16.0 0.0
2519.009171771908 1.0 0.0 0.0 0.0 0.0 1.0 16.0 0.0
2520.0082296726887 1.0 0.0 0.0 0.0 0.0 1.0 16.0 0.0
2521.009171771908 1.0 0.0 0.0 0.0 0.0 1.0 16.0 0.0
2522.0040093653593 1.0 0.0 0.0 0.0 0.0 1.0 16.0 0.0
2523.009171771908 1.0 0.0 0.0 0.0 0.0 1.0 16.0 0.0
2524.009171771908 1.0 0.0 0.0 0.0 0.0 1.0 16.0 0.0
2525.009171771908 1.0 0.0 0.0 0.0 0.0 1.0 16.0 0.0
2526.009171771908 1.0 0.0 0.0 0.0 0.0 1.0 16.0 0.0
2527.007025050519 1.0 0.0 0.0 0.0 0.0 1.0 16.0 0.0
2528.009171771908 1.0 0.0 0.0 0.0 0.0 1.0 16.0 0.0
2529.005676987378 1.0 0.0 0.0 0.0 0.0 1.0 16.0 0.0
2530.009171771908 1.0 0.0 0.0 0.0 0.0 1.0 16.0 0.0
2531.009171771908 1.0 0.0 0.0 0.0 0.0 1.0 16.0 0.0
2532.009171771908 1.0 0.0 0.0 0.0 0.0 1.0 16.0 0.0
2533.009171771908 0.975 0.0 0.02499999999999999 0.0 0.0 1.0 16.0 0.0475609756097561
2534.009171771908 0.35 0.0 0.65 0.0 0.0 1.0 16.05 0.44390243902439025
2535.009171771908 0.07500000000000001 0.0 0.925 0.0 0.0 1.0 16.525 0.1353658536585366
2536.0090516977157 0.0 0.0 1.0 0.0 0.0 1.0 17.325 0.0
2537.009171771908 0.0 0.0 1.0 0.0 0.0 1.0 17.85 0.0
2538.009171771908 0.0 0.0 1.0 0.0 0.0 1.0 17.975 0.0
2539.0018297626984 0.0 0.0 1.0 0.0 0.0 1.0 18.0 0.0
2540.009171771908 0.0 0.0 1.0 0.0 0.0 1.0 18.0 0.0
2541.009171771908 0.0 0.0 1.0 0.0 0.0 1.0 18.0 0.0
2542.009171771908 0.0 0.0 1.0 0.0 0.0 1.0 18.0 0.0
2543.009171771908 0.0 0.0 1.0 0.0 0.0 1.0 18.0 0.0
2544.009171771908 0.0 0.0 1.0 0.0 0.0 1.0 18.0 0.0
2545.009171771908 0.0 0.0 1.0 0.0 0.0 1.0 18.0 0.0
2546.0002421096037 0.0 0.0 1.0 0.0 0.0 1.0 18.0 0.0
2547.009171771908 0.0 0.0 1.0 0.0 0.0 1.0 18.0 0.0
2548.009171771908 0.0 0.0 1.0 0.0 0.0 1.0 18.0 0.0
2549.009171771908 0.0 0.0 1.0 0.0 0.0 1.0 18.0 0.0
2550.009171771908 0.0 0.0 1.0 0.0 0.0 1.0 18.0 0.0
2551.0044365797653 0.0 0.0 1.0 0.0 0.0 1.0 18.0 0.0
2552.00272051529 0.0 0.0 1.0 0.0 0.0 1.0 18.0 0.0
2553.009171771908 0.0 0.0 1.0 0.0 0.0 1.0 18.0 0.0
2554.009171771908 0.0 0.0 1.0 0.0 0.0 1.0 18.0 0.0
2555.009171771908 0.0 0.0 1.0 0.0 0.0 1.0 18.0 0.0
2556.009171771908 0.0 0.0 1.0 0.0 0.0 1.0 18.0 0.0
2557.009171771908 0.0 0.0 1.0 0.0 0.0 1.0 18.0 0.0
2558.009171771908 0.0 0.0 1.0 0.0 0.0 1.0 18.0 0.0
2559.009171771908 0.0 0.0 1.0 0.0 0.0 1.0 18.0 0.0
2560.009171771908 0.0 0.0 1.0 0.0 0.0 1.0 18.0 0.0
2561.0038247234443 0.0 0.0 1.0 0.0 0.0 1.0 18.0 0.0
2562.009171771908 0.0 0.0 1.0 0.0 0.0 1.0 18.0 0.0
2563.009171771908 0.0 0.0 1.0 0.0 0.0 1.0 18.0 0.0
2564.009171771908 0.0 0.0 1.0 0.0 0.0 1.0 18.0 0.0
2565.001376896687 0.0 0.0 1.0 0.0 0.0 1.0 18.0 0.0
2566.002032248461 0.0 0.0 1.0 0.0 0.0 1.0 18.0 0.0
2567.0062157799944 0.0 0.0 1.0 0.0 0.0 1.0 18.0 0.0
2568.009171771908 0.0 0.0 1.0 0.0 0.0 1.0 18.0 0.0
2569.009171771908 0.0 0.0 1.0 0.0 0.0 1.0 18.0 0.0
2570.009171771908 0.0 0.0 1.0 0.0 0.0 1.0 18.0 0.0
2571.002570262621 0.0 0.0 1.0 0.0 0.0 1.0 18.0 0.0
2572.009171771908 0.0 0.0 1.0 0.0 0.0 1.0 18.0 0.0
2573.009171771908 0.0 0.0 1.0 0.0 0.0 1.0 18.0 0.0
2574.007526945433 0.0 0.0 1.0 0.0 0.0 1.0 18.0 0.0
2575.009171771908 0.0 0.0 1.0 0.0 0.0 1.0 18.0 0.0
2576.009171771908 0.0 0.0 1.0 0.0 0.0 1.0 18.0 0.0
2577.008681833677 0.0 0.0 1.0 0.0 0.0 1.0 18.0 0.0
2578.009171771908 0.0 0.0 1.0 0.0 0.0 1.0 18.0 0.0
2579.009171771908 0.0 0.0 1.0 0.0 0.0 1.0 18.0 0.0
2580.006802993348 0.0 0.0 1.0 0.0 0.0 1.0 18.0 0.0
2581.008232883345 0.0 0.0 1.0 0.0 0.0 1.0 18.0 0.0
2582.009171771908 0.0 0.0 1.0 0.0 0.0 1.0 18.0 0.0
2583.009171771908 0.0 0.0 1.0 0.0 0.0 1.0 18.0 0.0
2584.009171771908 0.0 0.0 1.0 0.0 0.0 1.0 18.0 0.0
2585.009171771908 0.0 0.0 1.0 0.0 0.0 1.0 18.0 0.0
2586.004768807279 0.0 0.0 1.0 0.0 0.0 1.0 18.0 0.0
2587.0019472536865 0.0 0.0 1.0 0.0 0.0 1.0 18.0 0.0
2588.009171771908 0.0 0.0 1.0 0.0 0.0 1.0 18.0 0.0
2589.009171771908 0.0 0.0 1.0 0.0 0.0 1.0 18.0 0.0
2590.009171771908 0.0 0.0 1.0 0.0 0.0 1.0 18.0 0.0
2591.009171771908 0.0 0.0 1.0 0.0 0.0 1.0 18.0 0.0
2592.000541899285 0.0 0.0 1.0 0.0 0.0 1.0 18.0 0.0
2593.0016589658426 0.0 0.0 1.0 0.0 0.0 1.0 18.0 0.0
2594.004255146155 0.0 0.0 1.0 0.0 0.0 1.0 18.0 0.0
2595.005221403265 0.0 0.0 1.0 0.0 0.0 1.0 18.0 0.0
2596.009171771908 0.0 0.0 1.0 0.0 0.0 1.0 18.0 0.0
2597.009171771908 0.0 0.0 1.0 0.0 0.0 1.0 18.0 0.0
2598.009171771908 0.0 0.0 1.0 0.0 0.0 1.0 18.0 0.0
2599.009123748919 0.0 0.0 1.0 0.0 0.0 1.0 18.0 0.0
2600.009171771908 0.0 0.0 1.0 0.0 0.0 1.0 18.0 0.0
2601.009171771908 0.0 0.0 1.0 0.0 0.0 1.0 18.0 0.0
2602.009171771908 0.0 0.0 1.0 0.0 0.0 1.0 18.0 0.0
2603.002405176565 0.0 0.0 1.0 0.0 0.0 1.0 18.0 0.0
2604.009171771908 0.0 0.0 1.0 0.0 0.0 1.0 18.0 0.0
2605.009171771908 0.0 0.0 1.0 0.0 0.0 1.0 18.0 0.0
2606.002172239212 0.0 0.0 1.0 0.0 0.0 1.0 18.0 0.0
2607.0031062891917 0.0 0.0 1.0 0.0 0.0 1.0 18.0 0.0
2608.009171771908 0.0 0.0 1.0 0.0 0.0 1.0 18.0 0.0
2609.009171771908 0.0 0.0 1.0 0.0 0.0 1.0 18.0 0.0
2610.009171771908 0.0 0.0 1.0 0.0 0.0 1.0 18.0 0.0
2611.00715923567 0.0 0.0 1.0 0.0 0.0 1.0 18.0 0.0
2612.005265382621 0.0 0.0 1.0 0.0 0.0 1.0 18.0 0.0
2613.009171771908 0.0 0.0 1.0 0.0 0.0 1.0 18.0 0.0
2614.009171771908 0.0 0.0 1.0 0.0 0.0 1.0 18.0 0.0
2615.009171771908 0.0 0.0 1.0 0.0 0.0 1.0 18.0 0.0
2616.009171771908 0.0 0.0 1.0 0.0 0.0 1.0 18.0 0.0
2617.001541672998 0.0 0.0 1.0 0.0 0.0 1.0 18.0 0.0
2618.009171771908 0.0 0.0 1.0 0.0 0.0 1.0 18.0 0.0
2619.009171771908 0.0 0.0 1.0 0.0 0.0 1.0 18.0 0.0
2620.009171771908 0.0 0.0 1.0 0.0 0.0 1.0 18.0 0.0
2621.0020341689496 0.0 0.0 1.0 0.0 0.0 1.0 18.0 0.0
2622.009171771908 0.0 0.0 1.0 0.0 0.0 1.0 18.0 0.0
2623.009171771908 0.0 0.0 1.0 0.0 0.0 1.0 18.0 0.0
2624.009171771908 0.0 0.0 1.0 0.0 0.0 1.0 18.0 0.0
2625.009171771908 0.0 0.0 1.0 0.0 0.0 1.0 18.0 0.0
2626.0062035282626 0.0 0.0 1.0 0.0 0.0 1.0 18.0 0.0
2627.009171771908 0.0 0.0 1.0 0.0 0.0 1.0 18.0 0.0
2628.009171771908 0.0 0.0 1.0 0.0 0.0 1.0 18.0 0.0
2629.009171771908 0.0 0.0 1.0 0.0 0.0 1.0 18.0 0.0
2630.009171771908 0.0 0.0 1.0 0.0 0.0 1.0 18.0 0.0
2631.009171771908 0.0 0.0 1.0 0.0 0.0 1.0 18.0 0.0
2632.009171771908 0.0 0.0 1.0 0.0 0.0 1.0 18.0 0.0
2633.009171771908 0.0 0.0 1.0 0.0 0.0 1.0 18.0 0.0
2634.009171771908 0.0 0.0 1.0 0.0 0.0 1.0 18.0 0.0
2635.0055425481187 0.0 0.0 1.0 0.0 0.0 1.0 18.0 0.0
2636.009171771908 0.0 0.0 1.0 0.0 0.0 1.0 18.0 0.0
2637.009171771908 0.0 0.0 1.0 0.0 0.0 1.0 18.0 0.0
2638.009171771908 0.0 0.0 1.0 0.0 0.0 1.0 18.0 0.0
2639.0051382128136 0.0 0.0 1.0 0.0 0.0 1.0 18.0 0.0
2640.009171771908 0.0 0.0 1.0 0.0 0.0 1.0 18.0 0.0
2641.009171771908 0.0 0.0 1.0 0.0 0.0 1.0 18.0 0.0
2642.009171771908 0.0 0.0 1.0 0.0 0.0 1.0 18.0 0.0
2643.009171771908 0.0 0.0 1.0 0.0 0.0 1.0 18.0 0.0
2644.009171771908 0.0 0.0 1.0 0.0 0.0 1.0 18.0 0.0
2645.009171771908 0.0 0.0 1.0 0.0 0.0 1.0 18.0 0.0
2646.009171771908 0.0 0.0 1.0 0.0 0.0 1.0 18.0 0.0
2647.0008327970086 0.0 0.0 1.0 0.0 0.0 1.0 18.0 0.0
2648.0038520256876 0.0 0.0 1.0 0.0 0.0 1.0 18.0 0.0
2649.009171771908 0.0 0.0 1.0 0.0 0.0 1.0 18.0 0.0
2650.009171771908 0.0 0.0 1.0 0.0 0.0 1.0 18.0 0.0
2651.009171771908 0.0 0.0 1.0 0.0 0.0 1.0 18.0 0.0
2652.008451882576 0.0 0.0 1.0 0.0 0.0 1.0 18.0 0.0
2653.009171771908 0.0 0.0 1.0 0.0 0.0 1.0 18.0 0.0
2654.009171771908 0.0 0.0 1.0 0.0 0.0 1.0 18.0 0.0
2655.009171771908 0.0 0.0 1.0 0.0 0.0 1.0 18.0 0.0
2656.0045598246425 0.0 0.0 1.0 0.0 0.0 1.0 18.0 0.0
2657.007219443743 0.0 0.0 1.0 0.0 0.0 1.0 18.0 0.0
2658.009171771908 0.0 0.0 1.0 0.0 0.0 1.0 18.0 0.0
2659.009171771908 0.0 0.0 1.0 0.0 0.0 1.0 18.0 0.0
2660.009171771908 0.0 0.0 1.0 0.0 0.0 1.0 18.0 0.0
2661.009171771908 0.0 0.0 1.0 0.0 0.0 1.0 18.0 0.0
2662.0041116391794 0.0 0.0 1.0 0.0 0.0 1.0 18.0 0.0
2663.0065191189397 0.0 0.0 1.0 0.0 0.0 1.0 18.0 0.0
2664.006695326643 0.0 0.0 1.0 0.0 0.0 1.0 18.0 0.0
2665.009171771908 0.0 0.0 1.0 0.0 0.0 1.0 18.0 0.0
2666.004899671376 0.0 0.0 1.0 0.0 0.0 1.0 18.0 0.0
2667.009171771908 0.0 0.0 1.0 0.0 0.0 1.0 18.0 0.0
2668.009171771908 0.0 0.0 1.0 0.0 0.0 1.0 18.0 0.0
2669.009171771908 0.0 0.0 1.0 0.0 0.0 1.0 18.0 0.0
2670.009171771908 0.0 0.0 1.0 0.0 0.0 1.0 18.0 0.0
2671.0020127834355 0.0 0.0 1.0 0.0 0.0 1.0 18.0 0.0
2672.000737056517 0.0 0.0 1.0 0.0 0.0 1.0 18.0 0.0
2673.009171771908 0.0 0.0 1.0 0.0 0.0 1.0 18.0 0.0
2674.009171771908 0.0 0.0 1.0 0.0 0.0 1.0 18.0 0.0
2675.004282558708 0.0 0.0 1.0 0.0 0.0 1.0 18.0 0.0
2676.009171771908 0.0 0.0 1.0 0.0 0.0 1.0 18.0 0.0
2677.009171771908 0.0 0.0 1.0 0.0 0.0 1.0 18.0 0.0
2678.009171771908 0.0 0.0 1.0 0.0 0.0 1.0 18.0 0.0
2679.000800459866 0.0 0.0 1.0 0.0 0.0 1.0 18.0 0.0
2680.0031854413473 0.0 0.0 1.0 0.0 0.0 1.0 18.0 0.0
2681.009171771908 0.0 0.0 1.0 0.0 0.0 1.0 18.0 0.0
2682.007655981659 0.0 0.0 1.0 0.0 0.0 1.0 18.0 0.0
2683.009171771908 0.0 0.0 1.0 0.0 0.0 1.0 18.0 0.0
2684.009171771908 0.0 0.0 1.0 0.0 0.0 1.0 18.0 0.0
2685.0030172146935 0.0 0.0 1.0 0.0 0.0 1.0 18.0 0.0
2686.009171771908 0.0 0.0 1.0 0.0 0.0 1.0 18.0 0.0
2687.00532113862 0.0 0.0 1.0 0.0 0.0 1.0 18.0 0.0
2688.009171771908 0.0 0.0 1.0 0.0 0.0 1.0 18.0 0.0
2689.009171771908 0.0 0.0 0.675 0.325 0.0 0.0 18.0 0.42804878048780487
2690.009171771908 0.0 0.0 0.02499999999999999 0.975 0.0 0.0 18.3 0.0475609756097561
2691.009171771908 0.0 0.0 0.02499999999999999 0.975 0.0 0.0 19.05 0.0475609756097561
2692.009171771908 0.0 0.0 0.02499999999999999 0.975 0.0 0.0 19.8 0.0475609756097561
2693.009171771908 0.0 0.0 0.0 1.0 0.0 0.0 19.875 0.0
2694.009171771908 0.0 0.0 0.0 1.0 0.0 0.0 19.975 0.0
2695.009171771908 0.0 0.0 0.0 1.0 0.0 0.0 20.0 0.0
2696.009171771908 0.0 0.0 0.0 1.0 0.0 0.0 20.0 0.0
2697.0028762960196 0.0 0.0 0.0 1.0 0.0 0.0 20.0 0.0
2698.0012774458996 0.0 0.0 0.0 1.0 0.0 0.0 20.0 0.0
2699.009171771908 0.0 0.0 0.0 1.0 0.0 0.0 20.0 0.0
2700.009171771908 0.0 0.0 0.0 1.0 0.0 0.0 20.0 0.0
2701.009171771908 0.0 0.0 0.0 1.0 0.0 0.0 20.0 0.0
2702.009171771908 0.0 0.0 0.0 1.0 0.0 0.0 20.0 0.0
2703.009171771908 0.0 0.0 0.0 1.0 0.0 0.0 20.0 0.0
2704.009171771908 0.0 0.0 0.0 1.0 0.0 0.0 20.0 0.0
2705.001886824012 0.0 0.0 0.0 1.0 0.0 0.0 20.0 0.0
2706.009171771908 0.0 0.0 0.0 1.0 0.0 0.0 20.0 0.0
2707.009171771908 0.0 0.0 0.0 1.0 0.0 0.0 20.0 0.0
2708.009115616299 0.0 0.0 0.0 1.0 0.0 0.0 20.0 0.0
2709.009171771908 0.0 0.0 0.0 1.0 0.0 0.0 20.0 0.0
2710.009171771908 0.0 0.0 0.0 1.0 0.0 0.0 20.0 0.0
2711.0035622938503 0.0 0.0 0.0 1.0 0.0 0.0 20.0 0.0
2712.009171771908 0.0 0.0 0.0 1.0 0.0 0.0 20.0 0.0
2713.0010468991472 0.0 0.0 0.0 1.0 0.0 0.0 20.0 0.0
2714.006672493702 0.0 0.0 0.0 1.0 0.0 0.0 20.0 0.0
2715.006011570714 0.0 0.0 0.0 1.0 0.0 0.0 20.0 0.0
2716.008233481405 0.0 0.0 0.0 1.0 0.0 0.0 20.0 0.0
2717.009171771908 0.0 0.0 0.0 1.0 0.0 0.0 20.0 0.0
2718.0039474754835 0.0 0.0 0.0 1.0 0.0 0.0 20.0 0.0
2719.009171771908 0.0 0.0 0.0 1.0 0.0 0.0 20.0 0.0
2720.009171771908 0.0 0.0 0.0 1.0 0.0 0.0 20.0 0.0
2721.009171771908 0.0 0.0 0.0 1.0 0.0 0.0 20.0 0.0
2722.009171771908 0.0 0.0 0.0 1.0 0.0 0.0 20.0 0.0
2723.009171771908 0.0 0.0 0.0 1.0 0.0 0.0 20.0 0.0
2724.009171771908 0.0 0.0 0.0 1.0 0.0 0.0 20.0 0.0
2725.009171771908 0.0 0.0 0.0 1.0 0.0 0.0 20.0 0.0
2726.009171771908 0.0 0.0 0.0 1.0 0.0 0.0 20.0 0.0
2727.009171771908 0.0 0.0 0.0 1.0 0.0 0.0 20.0 0.0
2728.0061562468777 0.0 0.0 0.0 1.0 0.0 0.0 20.0 0.0
2729.002888530948 0.0 0.0 0.0 1.0 0.0 0.0 20.0 0.0
2730.009171771908 0.0 0.0 0.0 1.0 0.0 0.0 20.0 0.0
2731.009171771908 0.0 0.0 0.0 1.0 0.0 0.0 20.0 0.0
2732.009171771908 0.0 0.0 0.0 1.0 0.0 0.0 20.0 0.0
2733.009171771908 0.0 0.0 0.0 1.0 0.0 0.0 20.0 0.0
2734.0054105768536 0.0 0.0 0.0 1.0 0.0 0.0 20.0 0.0
2735.009171771908 0.0 0.0 0.0 1.0 0.0 0.0 20.0 0.0
2736.009171771908 0.0 0.0 0.0 1.0 0.0 0.0 20.0 0.0
2737.009171771908 0.0 0.0 0.0 1.0 0.0 0.0 20.0 0.0
2738.009171771908 0.0 0.0 0.0 1.0 0.0 0.0 20.0 0.0
2739.009171771908 0.0 0.0 0.0 1.0 0.0 0.0 20.0 0.0
2740.001041108598 0.0 0.0 0.0 1.0 0.0 0.0 20.0 0.0
2741.009171771908 0.0 0.0 0.0 1.0 0.0 0.0 20.0 0.0
2742.009171771908 0.0 0.0 0.0 1.0 0.0 0.0 20.0 0.0
2743.009171771908 0.0 0.0 0.0 1.0 0.0 0.0 20.0 0.0
2744.009171771908 0.0 0.0 0.0 1.0 0.0 0.0 20.0 0.0
2745.0005435854273 0.0 0.0 0.0 1.0 0.0 0.0 20.0 0.0
2746.009171771908 0.0 0.0 0.0 1.0 0.0 0.0 20.0 0.0
2747.0034612952204 0.0 0.0 0.0 1.0 0.0 0.0 20.0 0.0
2748.009171771908 0.0 0.0 0.0 1.0 0.0 0.0 20.0 0.0
2749.009171771908 0.0 0.0 0.0 1.0 0.0 0.0 20.0 0.0
2750.002963468565 0.0 0.0 0.0 1.0 0.0 0.0 20.0 0.0
2751.009171771908 0.0 0.0 0.0 1.0 0.0 0.0 20.0 0.0
2752.009171771908 0.0 0.0 0.0 1.0 0.0 0.0 20.0 0.0
2753.005102957811 0.0 0.0 0.0 1.0 0.0 0.0 20.0 0.0
2754.007682093166 0.0 0.0 0.0 1.0 0.0 0.0 20.0 0.0
2755.005970932487 0.0 0.0 0.0 1.0 0.0 0.0 20.0 0.0
2756.009171771908 0.0 0.0 0.0 1.0 0.0 0.0 20.0 0.0
2757.009171771908 0.0 0.0 0.0 1.0 0.0 0.0 20.0 0.0
2758.009171771908 0.0 0.0 0.0 1.0 0.0 0.0 20.0 0.0
2759.009171771908 0.0 0.0 0.0 1.0 0.0 0.0 20.0 0.0
2760.009171771908 0.0 0.0 0.0 1.0 0.0 0.0 20.0 0.0
2761.009171771908 0.0 0.0 0.0 1.0 0.0 0.0 20.0 0.0
2762.009171771908 0.0 0.0 0.0 1.0 0.0 0.0 20.0 0.0
2763.009171771908 0.0 0.0 0.0 1.0 0.0 0.0 20.0 0.0
2764.009171771908 0.0 0.0 0.0 1.0 0.0 0.0 20.0 0.0
2765.008453224103 0.0 0.0 0.0 1.0 0.0 0.0 20.0 0.0
2766.009171771908 0.0 0.0 0.0 1.0 0.0 0.0 20.0 0.0
2767.009171771908 0.0 0.0 0.0 1.0 0.0 0.0 20.0 0.0
2768.009171771908 0.0 0.0 0.0 1.0 0.0 0.0 20.0 0.0
2769.009171771908 0.0 0.0 0.0 1.0 0.0 0.0 20.0 0.0
2770.009171771908 0.0 0.0 0.0 1.0 0.0 0.0 20.0 0.0
2771.009171771908 0.0 0.0 0.0 1.0 0.0 0.0 20.0 0.0
2772.009171771908 0.0 0.0 0.0 1.0 0.0 0.0 20.0 0.0
2773.009171771908 0.0 0.0 0.0 1.0 0.0 0.0 20.0 0.0
2774.009171771908 0.0 0.0 0.0 1.0 0.0 0.0 20.0 0.0
2775.009171771908 0.0 0.0 0.0 1.0 0.0 0.0 20.0 0.0
2776.009171771908 0.0 0.0 0.0 1.0 0.0 0.0 20.0 0.0
2777.0007462187114 0.0 0.0 0.0 1.0 0.0 0.0 20.0 0.0
2778.009171771908 0.0 0.0 0.0 1.0 0.0 0.0 20.0 0.0
2779.009171771908 0.0 0.0 0.0 1.0 0.0 0.0 20.0 0.0
2780.009171771908 0.0 0.0 0.0 1.0 0.0 0.0 20.0 0.0
2781.009171771908 0.0 0.0 0.0 1.0 0.0 0.0 20.0 0.0
2782.009171771908 0.0 0.0 0.0 1.0 0.0 0.0 20.0 0.0
2783.006489786017 0.0 0.0 0.0 1.0 0.0 0.0 20.0 0.0
2784.009171771908 0.0 0.0 0.0 1.0 0.0 0.0 20.0 0.0
2785.009171771908 0.0 0.0 0.0 1.0 0.0 0.0 20.0 0.0
2786.009171771908 0.0 0.0 0.0 1.0 0.0 0.0 20.0 0.0
2787.009171771908 0.0 0.0 0.0 1.0 0.0 0.0 20.0 0.0
2788.009171771908 0.0 0.0 0.0 1.0 0.0 0.0 20.0 0.0
2789.0057927219727 0.0 0.0 0.0 1.0 0.0 0.0 20.0 0.0
2790.0020375211334 0.0 0.0 0.0 1.0 0.0 0.0 20.0 0.0
2791.009171771908 0.0 0.0 0.0 1.0 0.0 0.0 20.0 0.0
2792.009171771908 0.0 0.0 0.0 1.0 0.0 0.0 20.0 0.0
2793.009171771908 0.0 0.0 0.0 1.0 0.0 0.0 20.0 0.0
2794.009171771908 0.0 0.0 0.0 1.0 0.0 0.0 20.0 0.0
2795.0041739809044 0.0 0.0 0.0 1.0 0.0 0.0 20.0 0.0
2796.009171771908 0.0 0.0 0.0 1.0 0.0 0.0 20.0 0.0
2797.003807945491 0.0 0.0 0.0 1.0 0.0 0.0 20.0 0.0
2798.0029410587604 0.0 0.0 0.0 1.0 0.0 0.0 20.0 0.0
2799.0017345329625 0.0 0.0 0.0 1.0 0.0 0.0 20.0 0.0
2800.009171771908 0.0 0.0 0.0 1.0 0.0 0.0 20.0 0.0
2801.009171771908 0.0 0.0 0.0 1.0 0.0 0.0 20.0 0.0
2802.009171771908 0.0 0.0 0.0 1.0 0.0 0.0 20.0 0.0
2803.009171771908 0.0 0.0 0.0 1.0 0.0 0.0 20.0 0.0
2804.009171771908 0.0 0.0 0.0 1.0 0.0 0.0 20.0 0.0
2805.009171771908 0.0 0.0 0.0 1.0 0.0 0.0 20.0 0.0
2806.009171771908 0.0 0.0 0.0 1.0 0.0 0.0 20.0 0.0
2807.009171771908 0.0 0.0 0.0 1.0 0.0 0.0 20.0 0.0
2808.008637149237 0.0 0.0 0.0 1.0 0.0 0.0 20.0 0.0
2809.007343222978 0.0 0.0 0.0 1.0 0.0 0.0 20.0 0.0
2810.009171771908 0.0 0.0 0.0 1.0 0.0 0.0 20.0 0.0
2811.009171771908 0.0 0.0 0.0 1.0 0.0 0.0 20.0 0.0
2812.009171771908 0.0 0.0 0.0 1.0 0.0 0.0 20.0 0.0
2813.009171771908 0.0 0.0 0.0 1.0 0.0 0.0 20.0 0.0
2814.0000846631297 0.0 0.0 0.0 1.0 0.0 0.0 20.0 0.0
2815.009171771908 0.0 0.0 0.0 1.0 0.0 0.0 20.0 0.0
2816.009171771908 0.0 0.0 0.0 1.0 0.0 0.0 20.0 0.0
2817.009171771908 0.0 0.0 0.0 1.0 0.0 0.0 20.0 0.0
2818.009171771908 0.0 0.0 0.0 1.0 0.0 0.0 20.0 0.0
2819.009171771908 0.0 0.0 0.0 1.0 0.0 0.0 20.0 0.0
2820.009171771908 0.0 0.0 0.0 1.0 0.0 0.0 20.0 0.0
2821.0035396043204 0.0 0.0 0.0 1.0 0.0 0.0 20.0 0.0
2822.009171771908 0.0 0.0 0.0 1.0 0.0 0.0 20.0 0.0
2823.009171771908 0.0 0.0 0.0 1.0 0.0 0.0 20.0 0.0
2824.009171771908 0.0 0.0 0.0 1.0 0.0 0.0 20.0 0.0
2825.009171771908 0.0 0.0 0.0 1.0 0.0 0.0 20.0 0.0
2826.0057918301723 0.0 0.0 0.0 1.0 0.0 0.0 20.0 0.0
2827.009171771908 0.0 0.0 0.0 1.0 0.0 0.0 20.0 0.0
2828.009171771908 0.0 0.0 0.0 1.0 0.0 0.0 20.0 0.0
2829.009171771908 0.0 0.0 0.0 1.0 0.0 0.0 20.0 0.0
2830.0067203466206 0.0 0.0 0.0 1.0 0.0 0.0 20.0 0.0
2831.009171771908 0.0 0.0 0.0 1.0 0.0 0.0 20.0 0.0
2832.009171771908 0.0 0.0 0.0 1.0 0.0 0.0 20.0 0.0
2833.0033093344887 0.0 0.0 0.0 1.0 0.0 0.0 20.0 0.0
2834.009171771908 0.0 0.0 0.0 1.0 0.0 0.0 20.0 0.0
2835.009171771908 0.0 0.0 0.0 1.0 0.0 0.0 20.0 0.0
2836.002483200502 0.0 0.0 0.0 1.0 0.0 0.0 20.0 0.0
2837.0029357422163 0.0 0.0 0.0 1.0 0.0 0.0 20.0 0.0
2838.0005727248317 0.0 0.0 0.0 1.0 0.0 0.0 20.0 0.0
2839.009171771908 0.0 0.0 0.0 1.0 0.0 0.0 20.0 0.0
2840.00430272964 0.0 0.0 0.0 1.0 0.0 0.0 20.0 0.0
2841.009171771908 0.0 0.0 0.0 1.0 0.0 0.0 20.0 0.0
2842.009171771908 0.0 0.0 0.0 1.0 0.0 0.0 20.0 0.0
2843.009171771908 0.0 0.0 0.0 1.0 0.0 0.0 20.0 0.0
2844.009171771908 0.0 0.0 0.0 1.0 0.0 0.0 20.0 0.0
2845.0038812831094 0.0 0.0 0.0 1.0 0.0 0.0 20.0 0.0
2846.009171771908 0.0 0.0 0.0 1.0 0.0 0.0 20.0 0.0
2847.009171771908 0.0 0.0 0.0 1.0 0.0 0.0 20.0 0.0
2848.0086563163895 0.0 0.0 0.0 1.0 0.0 0.0 20.0 0.0
2849.0061461448636 0.0 0.0 0.0 1.0 0.0 0.0 20.0 0.0
2850.009171771908 0.0 0.0 0.0 1.0 0.0 0.0 20.0 0.0
2851.009171771908 0.0 0.0 0.0 1.0 0.0 0.0 20.0 0.0
2852.009171771908 0.0 0.0 0.0 1.0 0.0 0.0 20.0 0.0
2853.009171771908 0.0 0.0 0.0 1.0 0.0 0.0 20.0 0.0
2854.009171771908 0.0 0.0 0.0 1.0 0.0 0.0 20.0 0.0
2855.009171771908 0.0 0.0 0.0 1.0 0.0 0.0 20.0 0.0
2856.002046755658 0.0 0.0 0.0 1.0 0.0 0.0 20.0 0.0
2857.009171771908 0.0 0.0 0.0 1.0 0.0 0.0 20.0 0.0
2858.009171771908 0.0 0.0 0.0 1.0 0.0 0.0 20.0 0.0
2859.009171771908 0.0 0.0 0.0 1.0 0.0 0.0 20.0 0.0
2860.0040407451306 0.0 0.0 0.0 1.0 0.0 0.0 20.0 0.0
2861.0004643942216 0.0 0.0 0.0 1.0 0.0 0.0 20.0 0.0
2862.009171771908 0.0 0.0 0.0 1.0 0.0 0.0 20.0 0.0
2863.009171771908 0.0 0.0 0.0 1.0 0.0 0.0 20.0 0.0
2864.009171771908 0.0 0.0 0.0 1.0 0.0 0.0 20.0 0.0
2865.005110879413 0.0 0.0 0.0 1.0 0.0 0.0 20.0 0.0
2866.002284358021 0.0 0.0 0.0 1.0 0.0 0.0 20.0 0.0
2867.009171771908 0.0 0.0 0.0 1.0 0.0 0.0 20.0 0.0
2868.000081411485 0.0 0.0 0.0 1.0 0.0 0.0 20.0 0.0
2869.009171771908 0.0 0.0 0.0 1.0 0.0 0.0 20.0 0.0
2870.009171771908 0.0 0.0 0.0 1.0 0.0 0.0 20.0 0.0
2871.009171771908 0.0 0.0 0.0 1.0 0.0 0.0 20.0 0.0
2872.009171771908 0.0 0.0 0.0 1.0 0.0 0.0 20.0 0.0
2873.009171771908 0.0 0.0 0.0 1.0 0.0 0.0 20.0 0.0
2874.009171771908 0.0 0.0 0.0 1.0 0.0 0.0 20.0 0.0
2875.009171771908 0.0 0.0 0.0 1.0 0.0 0.0 20.0 0.0
2876.009171771908 0.0 0.0 0.0 1.0 0.0 0.0 20.0 0.0
2877.009171771908 0.0 0.0 0.0 1.0 0.0 0.0 20.0 0.0
2878.009171771908 0.0 0.0 0.0 1.0 0.0 0.0 20.0 0.0
2879.001637995722 0.0 0.0 0.0 1.0 0.0 0.0 20.0 0.0
2880.009171771908 0.0 0.0 0.0 1.0 0.0 0.0 20.0 0.0
2881.000163820392 0.0 0.0 0.0 1.0 0.0 0.0 20.0 0.0
2882.009171771908 0.0 0.0 0.0 1.0 0.0 0.0 20.0 0.0
2883.004957187979 0.0 0.0 0.0 1.0 0.0 0.0 20.0 0.0
2884.009171771908 0.0 0.0 0.0 1.0 0.0 0.0 20.0 0.0
2885.009171771908 0.0 0.0 0.0 1.0 0.0 0.0 20.0 0.0
2886.009171771908 0.0 0.0 0.0 1.0 0.0 0.0 20.0 0.0
2887.009171771908 0.0 0.0 0.0 1.0 0.0 0.0 20.0 0.0
2888.009171771908 0.0 0.0 0.0 1.0 0.0 0.0 20.0 0.0
2889.009171771908 0.0 0.0 0.0 1.0 0.0 0.0 20.0 0.0
2890.0064899447348 0.0 0.0 0.0 1.0 0.0 0.0 20.0 0.0
2891.009171771908 0.0 0.0 0.0 1.0 0.0 0.0 20.0 0.0
2892.0033923159394 0.0 0.0 0.0 1.0 0.0 0.0 20.0 0.0
2893.0024250224037 0.0 0.0 0.0 1.0 0.0 0.0 20.0 0.0
2894.009171771908 0.0 0.0 0.0 1.0 0.0 0.0 20.0 0.0
2895.003295425849 0.0 0.0 0.0 1.0 0.0 0.0 20.0 0.0
2896.009171771908 0.0 0.0 0.0 1.0 0.0 0.0 20.0 0.0
2897.009171771908 0.0 0.0 0.0 1.0 0.0 0.0 20.0 0.0
2898.009171771908 0.0 0.0 0.0 1.0 0.0 0.0 20.0 0.0
2899.009171771908 0.0 0.0 0.0 1.0 0.0 0.0 20.0 0.0
2900.002467568592 0.0 0.0 0.0 1.0 0.0 0.0 20.0 0.0
2901.0024976649333 0.0 0.0 0.0 1.0 0.0 0.0 20.0 0.0
2902.009171771908 0.0 0.0 0.0 1.0 0.0 0.0 20.0 0.0
2903.0039469312005 0.0 0.0 0.0 1.0 0.0 0.0 20.0 0.0
2904.009171771908 0.0 0.0 0.0 1.0 0.0 0.0 20.0 0.0
2905.009171771908 0.0 0.0 0.0 1.0 0.0 0.0 20.0 0.0
2906.009171771908 0.0 0.0 0.0 1.0 0.0 0.0 20.0 0.0
2907.008251878154 0.0 0.0 0.0 1.0 0.0 0.0 20.0 0.0
2908.0063449449713 0.0 0.0 0.0 1.0 0.0 0.0 20.0 0.0
2909.009171771908 0.0 0.0 0.0 1.0 0.0 0.0 20.0 0.0
2910.009171771908 0.0 0.0 0.0 1.0 0.0 0.0 20.0 0.0
2911.009171771908 0.0 0.0 0.0 1.0 0.0 0.0 20.0 0.0
2912.009171771908 0.0 0.0 0.0 1.0 0.0 0.0 20.0 0.0
2913.009171771908 0.0 0.0 0.0 1.0 0.0 0.0 20.0 0.0
2914.009171771908 0.0 0.0 0.0 1.0 0.0 0.0 20.0 0.0
2915.0014041346594 0.0 0.0 0.0 1.0 0.0 0.0 20.0 0.0
2916.0053012787666 0.0 0.0 0.0 1.0 0.0 0.0 20.0 0.0
2917.009171771908 0.0 0.0 0.0 1.0 0.0 0.0 20.0 0.0
2918.009171771908 0.0 0.0 0.0 1.0 0.0 0.0 20.0 0.0
2919.0051073786144 0.0 0.0 0.0 1.0 0.0 0.0 20.0 0.0
2920.009171771908 0.0 0.0 0.0 1.0 0.0 0.0 20.0 0.0
2921.006661644965 0.0 0.0 0.0 1.0 0.0 0.0 20.0 0.0
2922.009171771908 0.0 0.0 0.0 1.0 0.0 0.0 20.0 0.0
2923.009171771908 0.0 0.0 0.0 1.0 0.0 0.0 20.0 0.0
2924.009171771908 0.0 0.0 0.0 1.0 0.0 0.0 20.0 0.0
2925.009171771908 0.0 0.0 0.0 1.0 0.0 0.0 20.0 0.0
2926.009171771908 0.0 0.0 0.0 1.0 0.0 0.0 20.0 0.0
2927.009171771908 0.0 0.0 0.0 1.0 0.0 0.0 20.0 0.0
2928.003820236844 0.0 0.0 0.0 1.0 0.0 0.0 20.0 0.0
2929.009171771908 0.0 0.0 0.0 1.0 0.0 0.0 20.0 0.0
2930.009171771908 0.0 0.0 0.0 1.0 0.0 0.0 20.0 0.0
2931.009171771908 0.0 0.0 0.0 1.0 0.0 0.0 20.0 0.0
2932.006145990544 0.0 0.0 0.0 1.0 0.0 0.0 20.0 0.0
2933.009171771908 0.0 0.0 0.0 1.0 0.0 0.0 20.0 0.0
2934.009171771908 0.0 0.0 0.0 1.0 0.0 0.0 20.0 0.0
2935.008574255616 0.0 0.0 0.0 1.0 0.0 0.0 20.0 0.0
2936.007579876339 0.0 0.0 0.0 1.0 0.0 0.0 20.0 0.0
2937.0012525150705 0.0 0.0 0.0 1.0 0.0 0.0 20.0 0.0
2938.0047236380424 0.0 0.0 0.0 1.0 0.0 0.0 20.0 0.0
2939.009171771908 0.0 0.0 0.0 1.0 0.0 0.0 20.0 0.0
2940.009171771908 0.0 0.0 0.0 1.0 0.0 0.0 20.0 0.0
2941.009171771908 0.0 0.0 0.0 1.0 0.0 0.0 20.0 0.0
2942.009171771908 0.0 0.0 0.0 1.0 0.0 0.0 20.0 0.0
2943.0018943929936 0.0 0.0 0.0 1.0 0.0 0.0 20.0 0.0
2944.009171771908 0.0 0.0 0.0 1.0 0.0 0.0 20.0 0.0
2945.009171771908 0.0 0.0 0.0 1.0 0.0 0.0 20.0 0.0
2946.009171771908 0.0 0.0 0.0 1.0 0.0 0.0 20.0 0.0
2947.009171771908 0.0 0.0 0.0 1.0 0.0 0.0 20.0 0.0
2948.009171771908 0.0 0.0 0.0 1.0 0.0 0.0 20.0 0.0
2949.009171771908 0.0 0.0 0.0 1.0 0.0 0.0 20.0 0.0
2950.009171771908 0.0 0.0 0.0 1.0 0.0 0.0 20.0 0.0
2951.0025662317944 0.0 0.0 0.0 1.0 0.0 0.0 20.0 0.0
2952.009171771908 0.0 0.0 0.0 1.0 0.0 0.0 20.0 0.0
2953.009171771908 0.0 0.0 0.0 1.0 0.0 0.0 20.0 0.0
2954.009171771908 0.0 0.0 0.0 1.0 0.0 0.0 20.0 0.0
2955.009171771908 0.0 0.0 0.0 1.0 0.0 0.0 20.0 0.0
2956.0052833427662 0.0 0.0 0.0 1.0 0.0 0.0 20.0 0.0
2957.009171771908 0.0 0.0 0.0 1.0 0.0 0.0 20.0 0.0
2958.009171771908 0.0 0.0 0.0 1.0 0.0 0.0 20.0 0.0
2959.008728788616 0.0 0.0 0.0 1.0 0.0 0.0 20.0 0.0
2960.009171771908 0.0 0.0 0.0 1.0 0.0 0.0 20.0 0.0
2961.009171771908 0.0 0.0 0.0 1.0 0.0 0.0 20.0 0.0
2962.002730558563 0.0 0.0 0.0 1.0 0.0 0.0 20.0 0.0
2963.009171771908 0.0 0.0 0.0 1.0 0.0 0.0 20.0 0.0
2964.0058473276604 0.0 0.0 0.0 1.0 0.0 0.0 20.0 0.0
2965.009171771908 0.0 0.0 0.0 1.0 0.0 0.0 20.0 0.0
2966.0002757765674 0.0 0.0 0.0 1.0 0.0 0.0 20.0 0.0
2967.009171771908 0.0 0.0 0.0 1.0 0.0 0.0 20.0 0.0
2968.00191878477 0.0 0.0 0.0 1.0 0.0 0.0 20.0 0.0
2969.005484410693 0.0 0.0 0.0 1.0 0.0 0.0 20.0 0.0
2970.009171771908 0.0 0.0 0.0 1.0 0.0 0.0 20.0 0.0
2971.009171771908 0.0 0.0 0.0 1.0 0.0 0.0 20.0 0.0
2972.009171771908 0.0 0.0 0.0 1.0 0.0 0.0 20.0 0.0
2973.009171771908 0.0 0.0 0.0 1.0 0.0 0.0 20.0 0.0
2974.009171771908 0.0 0.0 0.0 1.0 0.0 0.0 20.0 0.0
2975.009171771908 0.0 0.0 0.0 1.0 0.0 0.0 20.0 0.0
2976.009171771908 0.0 0.0 0.0 1.0 0.0 0.0 20.0 0.0
2977.009171771908 0.0 0.0 0.0 1.0 0.0 0.0 20.0 0.0
2978.0078233004647 0.0 0.0 0.0 1.0 0.0 0.0 20.0 0.0
2979.009171771908 0.0 0.0 0.0 1.0 0.0 0.0 20.0 0.0
2980.0062293967603 0.0 0.0 0.0 1.0 0.0 0.0 20.0 0.0
2981.009171771908 0.0 0.0 0.0 1.0 0.0 0.0 20.0 0.0
2982.009171771908 0.0 0.0 0.0 1.0 0.0 0.0 20.0 0.0
2983.009171771908 0.0 0.0 0.0 1.0 0.0 0.0 20.0 0.0
2984.009171771908 0.0 0.0 0.0 1.0 0.0 0.0 20.0 0.0
2985.009171771908 0.0 0.0 0.0 1.0 0.0 0.0 20.0 0.0
2986.009171771908 0.0 0.0 0.0 1.0 0.0 0.0 20.0 0.0
2987.009171771908 0.0 0.0 0.0 1.0 0.0 0.0 20.0 0.0
2988.009171771908 0.0 0.0 0.0 1.0 0.0 0.0 20.0 0.0
2989.007336928494 0.0 0.0 0.0 1.0 0.0 0.0 20.0 0.0
2990.009171771908 0.0 0.0 0.0 1.0 0.0 0.0 20.0 0.0
2991.009171771908 0.0 0.0 0.0 1.0 0.0 0.0 20.0 0.0
2992.009171771908 0.0 0.0 0.0 1.0 0.0 0.0 20.0 0.0
2993.009171771908 0.0 0.0 0.0 1.0 0.0 0.0 20.0 0.0
2994.004124622451 0.0 0.0 0.0 1.0 0.0 0.0 20.0 0.0
2995.009171771908 0.0 0.0 0.0 1.0 0.0 0.0 20.0 0.0
2996.001676671705 0.0 0.0 0.0 1.0 0.0 0.0 20.0 0.0
2997.0066592539915 0.0 0.0 0.0 1.0 0.0 0.0 20.0 0.0
2998.009171771908 0.0 0.0 0.0 1.0 0.0 0.0 20.0 0.0
2999.009171771908 0.0 0.0 0.0 1.0 0.0 0.0 20.0 0.0
3000.009171771908 0.0 0.0 0.0 1.0 0.0 0.0 20.0 0.0
3001.009171771908 0.0 0.0 0.0 1.0 0.0 0.0 20.0 0.0
3002.008122112871 0.0 0.0 0.0 1.0 0.0 0.0 20.0 0.0
3003.0090479934847 0.0 0.0 0.0 1.0 0.0 0.0 20.0 0.0
3004.009171771908 0.0 0.0 0.0 1.0 0.0 0.0 20.0 0.0
3005.009171771908 0.0 0.0 0.0 1.0 0.0 0.0 20.0 0.0
3006.009171771908 0.0 0.0 0.0 1.0 0.0 0.0 20.0 0.0
3007.0055268239953 0.0 0.0 0.0 1.0 0.0 0.0 20.0 0.0
3008.0049473144954 0.0 0.0 0.0 1.0 0.0 0.0 20.0 0.0
3009.0089952510875 0.0 0.0 0.0 1.0 0.0 0.0 20.0 0.0
3010.009171771908 0.0 0.0 0.0 1.0 0.0 0.0 20.0 0.0
3011.009171771908 0.0 0.0 0.0 1.0 0.0 0.0 20.0 0.0
3012.0052638656566 0.0 0.0 0.0 1.0 0.0 0.0 20.0 0.0
3013.0057554047903 0.0 0.0 0.0 1.0 0.0 0.0 20.0 0.0
3014.009171771908 0.0 0.0 0.0 1.0 0.0 0.0 20.0 0.0
3015.009171771908 0.0 0.0 0.0 1.0 0.0 0.0 20.0 0.0
3016.009171771908 0.0 0.0 0.0 1.0 0.0 0.0 20.0 0.0
3017.009171771908 0.0 0.0 0.0 1.0 0.0 0.0 20.0 0.0
3018.009171771908 0.0 0.0 0.0 1.0 0.0 0.0 20.0 0.0
3019.009171771908 0.0 0.0 0.0 1.0 0.0 0.0 20.0 0.0
3020.009171771908 0.0 0.0 0.0 1.0 0.0 0.0 20.0 0.0
3021.001965086118 0.0 0.0 0.0 1.0 0.0 0.0 20.0 0.0
3022.003714258935 0.0 0.0 0.0 1.0 0.0 0.0 20.0 0.0
3023.009171771908 0.0 0.0 0.0 1.0 0.0 0.0 20.0 0.0
3024.009171771908 0.0 0.0 0.0 1.0 0.0 0.0 20.0 0.0
3025.009171771908 0.0 0.0 0.0 1.0 0.0 0.0 20.0 0.0
3026.009171771908 0.0 0.0 0.0 1.0 0.0 0.0 20.0 0.0
3027.009171771908 0.0 0.0 0.0 1.0 0.0 0.0 20.0 0.0
3028.009171771908 0.0 0.0 0.0 1.0 0.0 0.0 20.0 0.0
3029.009171771908 0.0 0.0 0.0 1.0 0.0 0.0 20.0 0.0
3030.009171771908 0.0 0.0 0.0 1.0 0.0 0.0 20.0 0.0
3031.001590967587 0.0 0.0 0.0 1.0 0.0 0.0 20.0 0.0
3032.009171771908 0.0 0.0 0.0 1.0 0.0 0.0 20.0 0.0
3033.009171771908 0.0 0.0 0.0 1.0 0.0 0.0 20.0 0.0
3034.009171771908 0.0 0.0 0.0 1.0 0.0 0.0 20.0 0.0
3035.009171771908 0.0 0.0 0.0 1.0 0.0 0.0 20.0 0.0
3036.009171771908 0.0 0.0 0.0 1.0 0.0 0.0 20.0 0.0
3037.009171771908 0.0 0.0 0.0 1.0 0.0 0.0 20.0 0.0
3038.0028917017416 0.0 0.0 0.0 1.0 0.0 0.0 20.0 0.0
3039.009171771908 0.0 0.0 0.0 1.0 0.0 0.0 20.0 0.0
3040.005390214791 0.0 0.0 0.0 1.0 0.0 0.0 20.0 0.0
3041.009171771908 0.0 0.0 0.0 1.0 0.0 0.0 20.0 0.0
3042.009171771908 0.0 0.0 0.0 1.0 0.0 0.0 20.0 0.0
3043.003404171001 0.0 0.0 0.0 1.0 0.0 0.0 20.0 0.0
3044.009171771908 0.0 0.0 0.0 1.0 0.0 0.0 20.0 0.0
3045.009171771908 0.0 0.0 0.0 1.0 0.0 0.0 20.0 0.0
3046.009171771908 0.0 0.0 0.0 1.0 0.0 0.0 20.0 0.0
3047.009171771908 0.0 0.0 0.0 1.0 0.0 0.0 20.0 0.0
3048.000186532925 0.0 0.0 0.0 1.0 0.0 0.0 20.0 0.0
3049.009171771908 0.0 0.0 0.0 1.0 0.0 0.0 20.0 0.0
3050.009171771908 0.0 0.0 0.0 1.0 0.0 0.0 20.0 0.0
3051.009171771908 0.0 0.0 0.0 1.0 0.0 0.0 20.0 0.0
3052.009171771908 0.0 0.0 0.0 1.0 0.0 0.0 20.0 0.0
3053.009171771908 0.0 0.0 0.0 1.0 0.0 0.0 20.0 0.0
3054.009171771908 0.0 0.0 0.0 1.0 0.0 0.0 20.0 0.0
3055.009171771908 0.0 0.0 0.0 1.0 0.0 0.0 20.0 0.0
3056.003886960499 0.0 0.0 0.0 1.0 0.0 0.0 20.0 0.0
3057.009171771908 0.0 0.0 0.0 1.0 0.0 0.0 20.0 0.0
3058.002260116362 0.0 0.0 0.0 1.0 0.0 0.0 20.0 0.0
3059.009171771908 0.0 0.0 0.0 1.0 0.0 0.0 20.0 0.0
3060.002953297189 0.0 0.0 0.0 1.0 0.0 0.0 20.0 0.0
3061.009171771908 0.0 0.0 0.0 1.0 0.0 0.0 20.0 0.0
3062.009171771908 0.0 0.0 0.0 1.0 0.0 0.0 20.0 0.0
3063.00250523064 0.0 0.0 0.0 1.0 0.0 0.0 20.0 0.0
3064.009171771908 0.0 0.0 0.0 1.0 0.0 0.0 20.0 0.0
3065.009171771908 0.0 0.0 0.0 1.0 0.0 0.0 20.0 0.0
3066.009171771908 0.0 0.0 0.0 1.0 0.0 0.0 20.0 0.0
3067.009171771908 0.0 0.0 0.0 1.0 0.0 0.0 20.0 0.0
3068.005276961626 0.0 0.0 0.0 1.0 0.0 0.0 20.0 0.0
3069.009171771908 0.0 0.0 0.0 1.0 0.0 0.0 20.0 0.0
3070.009171771908 0.0 0.0 0.0 1.0 0.0 0.0 20.0 0.0
3071.009171771908 0.0 0.0 0.0 1.0 0.0 0.0 20.0 0.0
3072.009171771908 0.0 0.0 0.0 1.0 0.0 0.0 20.0 0.0
3073.009171771908 0.0 0.0 0.0 1.0 0.0 0.0 20.0 0.0
3074.009171771908 0.0 0.0 0.0 1.0 0.0 0.0 20.0 0.0
3075.009171771908 0.0 0.0 0.0 1.0 0.0 0.0 20.0 0.0
3076.009171771908 0.0 0.0 0.0 1.0 0.0 0.0 20.0 0.0
3077.009171771908 0.0 0.0 0.0 1.0 0.0 0.0 20.0 0.0
3078.009171771908 0.0 0.0 0.0 1.0 0.0 0.0 20.0 0.0
3079.0012557321797 0.0 0.0 0.0 1.0 0.0 0.0 20.0 0.0
3080.009171771908 0.0 0.0 0.0 1.0 0.0 0.0 20.0 0.0
3081.0008051076275 0.0 0.0 0.0 1.0 0.0 0.0 20.0 0.0
3082.009171771908 0.0 0.0 0.0 1.0 0.0 0.0 20.0 0.0
3083.009171771908 0.0 0.0 0.0 1.0 0.0 0.0 20.0 0.0
3084.009171771908 0.0 0.0 0.0 1.0 0.0 0.0 20.0 0.0
3085.009171771908 0.0 0.0 0.0 1.0 0.0 0.0 20.0 0.0
3086.002234997711 0.0 0.0 0.0 1.0 0.0 0.0 20.0 0.0
3087.009171771908 0.0 0.0 0.0 1.0 0.0 0.0 20.0 0.0
3088.0018189732973 0.0 0.0 0.0 1.0 0.0 0.0 20.0 0.0
3089.009171771908 0.0 0.0 0.0 1.0 0.0 0.0 20.0 0.0
3090.009171771908 0.0 0.0 0.0 1.0 0.0 0.0 20.0 0.0
3091.0052460223665 0.0 0.0 0.0 1.0 0.0 0.0 20.0 0.0
3092.009171771908 0.0 0.0 0.0 1.0 0.0 0.0 20.0 0.0
3093.004502792042 0.0 0.0 0.0 1.0 0.0 0.0 20.0 0.0
3094.009171771908 0.0 0.0 0.0 1.0 0.0 0.0 20.0 0.0
3095.009171771908 0.0 0.0 0.0 1.0 0.0 0.0 20.0 0.0
3096.009171771908 0.0 0.0 0.0 1.0 0.0 0.0 20.0 0.0
3097.009171771908 0.0 0.0 0.0 1.0 0.0 0.0 20.0 0.0
3098.009171771908 0.0 0.0 0.0 1.0 0.0 0.0 20.0 0.0
3099.005088105347 0.0 0.0 0.0 1.0 0.0 0.0 20.0 0.0
3100.009171771908 0.0 0.0 0.0 1.0 0.0 0.0 20.0 0.0
3101.009171771908 0.0 0.0 0.0 1.0 0.0 0.0 20.0 0.0
3102.007504764618 0.0 0.0 0.0 1.0 0.0 0.0 20.0 0.0
3103.009171771908 0.0 0.0 0.0 1.0 0.0 0.0 20.0 0.0
3104.0055872263783 0.0 0.0 0.0 1.0 0.0 0.0 20.0 0.0
3105.009171771908 0.0 0.0 0.0 1.0 0.0 0.0 20.0 0.0
3106.0081192527186 0.0 0.0 0.0 1.0 0.0 0.0 20.0 0.0
3107.009171771908 0.0 0.0 0.0 1.0 0.0 0.0 20.0 0.0
3108.002884463109 0.0 0.0 0.0 1.0 0.0 0.0 20.0 0.0
3109.009171771908 0.0 0.0 0.0 1.0 0.0 0.0 20.0 0.0
3110.004104448658 0.0 0.0 0.0 1.0 0.0 0.0 20.0 0.0
3111.009171771908 0.0 0.0 0.0 1.0 0.0 0.0 20.0 0.0
3112.009171771908 0.0 0.0 0.0 1.0 0.0 0.0 20.0 0.0
3113.009171771908 0.0 0.0 0.0 1.0 0.0 0.0 20.0 0.0
3114.009171771908 0.0 0.0 0.0 1.0 0.0 0.0 20.0 0.0
3115.009171771908 0.0 0.0 0.0 1.0 0.0 0.0 20.0 0.0
3116.009171771908 0.0 0.0 0.0 1.0 0.0 0.0 20.0 0.0
3117.009171771908 0.0 0.0 0.0 1.0 0.0 0.0 20.0 0.0
3118.009171771908 0.0 0.0 0.0 1.0 0.0 0.0 20.0 0.0
3119.009171771908 0.0 0.0 0.0 1.0 0.0 0.0 20.0 0.0
3120.009171771908 0.0 0.0 0.0 1.0 0.0 0.0 20.0 0.0
3121.009171771908 0.0 0.0 0.0 1.0 0.0 0.0 20.0 0.0
3122.009171771908 0.0 0.0 0.0 1.0 0.0 0.0 20.0 0.0
3123.009171771908 0.0 0.0 0.0 1.0 0.0 0.0 20.0 0.0
3124.0035766854508 0.0 0.0 0.0 1.0 0.0 0.0 20.0 0.0
3125.009171771908 0.0 0.0 0.0 1.0 0.0 0.0 20.0 0.0
3126.009171771908 0.0 0.0 0.0 1.0 0.0 0.0 20.0 0.0
3127.004128434188 0.0 0.0 0.0 1.0 0.0 0.0 20.0 0.0
3128.0080500962376 0.0 0.0 0.0 1.0 0.0 0.0 20.0 0.0
3129.009171771908 0.0 0.0 0.0 1.0 0.0 0.0 20.0 0.0
3130.0062537569706 0.0 0.0 0.0 1.0 0.0 0.0 20.0 0.0
3131.009171771908 0.0 0.0 0.0 1.0 0.0 0.0 20.0 0.0
3132.009171771908 0.0 0.0 0.0 1.0 0.0 0.0 20.0 0.0
3133.006737348634 0.0 0.0 0.0 1.0 0.0 0.0 20.0 0.0
3134.002677674217 0.0 0.0 0.0 1.0 0.0 0.0 20.0 0.0
3135.009171771908 0.0 0.0 0.0 1.0 0.0 0.0 20.0 0.0
3136.009171771908 0.0 0.0 0.0 1.0 0.0 0.0 20.0 0.0
3137.0036004782964 0.0 0.0 0.0 1.0 0.0 0.0 20.0 0.0
3138.009171771908 0.0 0.0 0.0 1.0 0.0 0.0 20.0 0.0
3139.009171771908 0.0 0.0 0.0 1.0 0.0 0.0 20.0 0.0
3140.006279306191 0.0 0.0 0.0 1.0 0.0 0.0 20.0 0.0
3141.009171771908 0.0 0.0 0.0 1.0 0.0 0.0 20.0 0.0
3142.008418746189 0.0 0.0 0.0 1.0 0.0 0.0 20.0 0.0
3143.009171771908 0.0 0.0 0.0 1.0 0.0 0.0 20.0 0.0
3144.009171771908 0.0 0.0 0.0 1.0 0.0 0.0 20.0 0.0
3145.009171771908 0.0 0.0 0.0 1.0 0.0 0.0 20.0 0.0
3146.009171771908 0.0 0.0 0.0 1.0 0.0 0.0 20.0 0.0
3147.009171771908 0.0 0.0 0.0 1.0 0.0 0.0 20.0 0.0
3148.009171771908 0.0 0.0 0.0 1.0 0.0 0.0 20.0 0.0
3149.009171771908 0.0 0.0 0.0 1.0 0.0 0.0 20.0 0.0
3150.009171771908 0.0 0.0 0.0 1.0 0.0 0.0 20.0 0.0
3151.009171771908 0.0 0.0 0.0 1.0 0.0 0.0 20.0 0.0
3152.009171771908 0.0 0.0 0.0 1.0 0.0 0.0 20.0 0.0
3153.009171771908 0.0 0.0 0.0 1.0 0.0 0.0 20.0 0.0
3154.009171771908 0.0 0.0 0.0 1.0 0.0 0.0 20.0 0.0
3155.009171771908 0.0 0.0 0.0 1.0 0.0 0.0 20.0 0.0
3156.009171771908 0.0 0.0 0.0 1.0 0.0 0.0 20.0 0.0
3157.0052567448306 0.0 0.0 0.0 1.0 0.0 0.0 20.0 0.0
3158.0017570248083 0.0 0.0 0.0 1.0 0.0 0.0 20.0 0.0
3159.009171771908 0.0 0.0 0.0 1.0 0.0 0.0 20.0 0.0
3160.009171771908 0.0 0.0 0.0 1.0 0.0 0.0 20.0 0.0
3161.009171771908 0.0 0.0 0.0 1.0 0.0 0.0 20.0 0.0
3162.009171771908 0.0 0.0 0.0 1.0 0.0 0.0 20.0 0.0
3163.003118749527 0.0 0.0 0.0 1.0 0.0 0.0 20.0 0.0
3164.009171771908 0.0 0.0 0.0 1.0 0.0 0.0 20.0 0.0
3165.0002273513373 0.0 0.0 0.0 1.0 0.0 0.0 20.0 0.0
3166.009171771908 0.0 0.0 0.0 1.0 0.0 0.0 20.0 0.0
3167.009171771908 0.0 0.0 0.0 1.0 0.0 0.0 20.0 0.0
3168.009171771908 0.0 0.0 0.0 1.0 0.0 0.0 20.0 0.0
3169.0087445284753 0.0 0.0 0.0 1.0 0.0 0.0 20.0 0.0
3170.009171771908 0.0 0.0 0.0 1.0 0.0 0.0 20.0 0.0
3171.009171771908 0.0 0.0 0.0 1.0 0.0 0.0 20.0 0.0
3172.0007022009568 0.0 0.0 0.0 1.0 0.0 0.0 20.0 0.0
3173.009171771908 0.0 0.0 0.0 1.0 0.0 0.0 20.0 0.0
3174.009171771908 0.0 0.0 0.0 1.0 0.0 0.0 20.0 0.0
3175.009171771908 0.0 0.0 0.0 1.0 0.0 0.0 20.0 0.0
3176.009171771908 0.0 0.0 0.0 1.0 0.0 0.0 20.0 0.0
3177.009171771908 0.0 0.0 0.0 1.0 0.0 0.0 20.0 0.0
3178.009171771908 0.0 0.0 0.0 1.0 0.0 0.0 20.0 0.0
3179.009171771908 0.0 0.0 0.0 1.0 0.0 0.0 20.0 0.0
3180.001397871256 0.0 0.0 0.0 1.0 0.0 0.0 20.0 0.0
3181.002887604163 0.0 0.0 0.0 1.0 0.0 0.0 20.0 0.0
3182.005000635847 0.0 0.0 0.0 1.0 0.0 0.0 20.0 0.0
3183.009171771908 0.0 0.0 0.0 1.0 0.0 0.0 20.0 0.0
3184.009171771908 0.0 0.0 0.0 1.0 0.0 0.0 20.0 0.0
3185.0028229559653 0.0 0.0 0.0 1.0 0.0 0.0 20.0 0.0
3186.009171771908 0.0 0.0 0.0 1.0 0.0 0.0 20.0 0.0
3187.0082933455938 0.0 0.0 0.0 1.0 0.0 0.0 20.0 0.0
3188.009171771908 0.0 0.0 0.0 1.0 0.0 0.0 20.0 0.0
3189.009171771908 0.0 0.0 0.0 1.0 0.0 0.0 20.0 0.0
3190.009171771908 0.0 0.0 0.0 1.0 0.0 0.0 20.0 0.0
3191.009171771908 0.0 0.0 0.0 1.0 0.0 0.0 20.0 0.0
3192.009171771908 0.0 0.0 0.0 1.0 0.0 0.0 20.0 0.0
3193.009171771908 0.0 0.0 0.0 1.0 0.0 0.0 20.0 0.0
3194.009171771908 0.0 0.0 0.0 1.0 0.0 0.0 20.0 0.0
3195.009171771908 0.0 0.0 0.0 1.0 0.0 0.0 20.0 0.0
3196.009171771908 0.0 0.0 0.0 1.0 0.0 0.0 20.0 0.0
3197.0068024281395 0.0 0.0 0.0 1.0 0.0 0.0 20.0 0.0
3198.009171771908 0.0 0.0 0.0 1.0 0.0 0.0 20.0 0.0
3199.009171771908 0.0 0.0 0.0 1.0 0.0 0.0 20.0 0.0
3200.009171771908 0.0 0.0 0.0 1.0 0.0 0.0 20.0 0.0
3201.009171771908 0.0 0.0 0.0 1.0 0.0 0.0 20.0 0.0
3202.009171771908 0.0 0.0 0.0 1.0 0.0 0.0 20.0 0.0
3203.009171771908 0.0 0.0 0.0 1.0 0.0 0.0 20.0 0.0
3204.009171771908 0.0 0.0 0.0 1.0 0.0 0.0 20.0 0.0
3205.009171771908 0.0 0.0 0.0 1.0 0.0 0.0 20.0 0.0
3206.009171771908 0.0 0.0 0.0 1.0 0.0 0.0 20.0 0.0
3207.009171771908 0.0 0.0 0.0 1.0 0.0 0.0 20.0 0.0
3208.009171771908 0.0 0.0 0.0 1.0 0.0 0.0 20.0 0.0
3209.009171771908 0.0 0.0 0.0 1.0 0.0 0.0 20.0 0.0
3210.006904068965 0.0 0.0 0.0 1.0 0.0 0.0 20.0 0.0
3211.0008122032127 0.0 0.0 0.0 1.0 0.0 0.0 20.0 0.0
3212.0047244857924 0.0 0.0 0.0 1.0 0.0 0.0 20.0 0.0
3213.002031679967 0.0 0.0 0.0 1.0 0.0 0.0 20.0 0.0
3214.0083966929146 0.0 0.0 0.0 1.0 0.0 0.0 20.0 0.0
3215.009171771908 0.0 0.0 0.0 1.0 0.0 0.0 20.0 0.0
3216.000601369642 0.0 0.0 0.0 1.0 0.0 0.0 20.0 0.0
3217.009171771908 0.0 0.0 0.0 1.0 0.0 0.0 20.0 0.0
3218.009171771908 0.0 0.0 0.0 1.0 0.0 0.0 20.0 0.0
3219.009171771908 0.0 0.0 0.0 1.0 0.0 0.0 20.0 0.0
3220.009171771908 0.0 0.0 0.0 1.0 0.0 0.0 20.0 0.0
3221.009171771908 0.0 0.0 0.0 1.0 0.0 0.0 20.0 0.0
3222.009171771908 0.0 0.0 0.0 1.0 0.0 0.0 20.0 0.0
3223.009171771908 0.0 0.0 0.0 1.0 0.0 0.0 20.0 0.0
3224.009171771908 0.0 0.0 0.0 1.0 0.0 0.0 20.0 0.0
3225.000410478984 0.0 0.0 0.0 1.0 0.0 0.0 20.0 0.0
3226.009171771908 0.0 0.0 0.0 1.0 0.0 0.0 20.0 0.0
3227.009171771908 0.0 0.0 0.0 1.0 0.0 0.0 20.0 0.0
3228.001845313953 0.0 0.0 0.0 1.0 0.0 0.0 20.0 0.0
3229.0064395606432 0.0 0.0 0.0 1.0 0.0 0.0 20.0 0.0
3230.009171771908 0.0 0.0 0.0 1.0 0.0 0.0 20.0 0.0
3231.009171771908 0.0 0.0 0.0 1.0 0.0 0.0 20.0 0.0
3232.0001751884433 0.0 0.0 0.0 1.0 0.0 0.0 20.0 0.0
3233.009171771908 0.0 0.0 0.0 1.0 0.0 0.0 20.0 0.0
3234.009171771908 0.0 0.0 0.0 1.0 0.0 0.0 20.0 0.0
3235.00825955433 0.0 0.0 0.0 1.0 0.0 0.0 20.0 0.0
3236.009171771908 0.0 0.0 0.0 1.0 0.0 0.0 20.0 0.0
3237.009171771908 0.0 0.0 0.0 1.0 0.0 0.0 20.0 0.0
3238.009171771908 0.0 0.0 0.0 1.0 0.0 0.0 20.0 0.0
3239.009171771908 0.0 0.0 0.0 1.0 0.0 0.0 20.0 0.0
3240.0078916092584 0.0 0.0 0.0 1.0 0.0 0.0 20.0 0.0
3241.009171771908 0.0 0.0 0.0 1.0 0.0 0.0 20.0 0.0
3242.009171771908 0.0 0.0 0.0 1.0 0.0 0.0 20.0 0.0
3243.009171771908 0.0 0.0 0.0 1.0 0.0 0.0 20.0 0.0
3244.00563064681 0.0 0.0 0.0 1.0 0.0 0.0 20.0 0.0
3245.009171771908 0.0 0.0 0.0 1.0 0.0 0.0 20.0 0.0
3246.009171771908 0.0 0.0 0.0 1.0 0.0 0.0 20.0 0.0
3247.009171771908 0.0 0.0 0.0 1.0 0.0 0.0 20.0 0.0
3248.003049657863 0.0 0.0 0.0 1.0 0.0 0.0 20.0 0.0
3249.009171771908 0.0 0.0 0.0 1.0 0.0 0.0 20.0 0.0
3250.0036289548257 0.0 0.0 0.0 1.0 0.0 0.0 20.0 0.0
3251.009171771908 0.0 0.0 0.0 1.0 0.0 0.0 20.0 0.0
3252.009171771908 0.0 0.0 0.0 1.0 0.0 0.0 20.0 0.0
3253.001725920596 0.0 0.0 0.0 1.0 0.0 0.0 20.0 0.0
3254.0071546516197 0.0 0.0 0.0 1.0 0.0 0.0 20.0 0.0
3255.009171771908 0.0 0.0 0.0 1.0 0.0 0.0 20.0 0.0
3256.007748531915 0.0 0.0 0.0 1.0 0.0 0.0 20.0 0.0
3257.009171771908 0.0 0.0 0.0 1.0 0.0 0.0 20.0 0.0
3258.009171771908 0.0 0.0 0.0 1.0 0.0 0.0 20.0 0.0
3259.009171771908 0.0 0.0 0.0 1.0 0.0 0.0 20.0 0.0
3260.007392413913 0.0 0.0 0.0 1.0 0.0 0.0 20.0 0.0
3261.0029056318112 0.0 0.0 0.0 1.0 0.0 0.0 20.0 0.0
3262.009171771908 0.0 0.0 0.0 1.0 0.0 0.0 20.0 0.0
3263.009171771908 0.0 0.0 0.0 1.0 0.0 0.0 20.0 0.0
3264.004245116435 0.0 0.0 0.0 1.0 0.0 0.0 20.0 0.0
3265.009171771908 0.0 0.0 0.0 1.0 0.0 0.0 20.0 0.0
3266.009171771908 0.0 0.0 0.0 1.0 0.0 0.0 20.0 0.0
3267.009171771908 0.0 0.0 0.0 1.0 0.0 0.0 20.0 0.0
3268.009171771908 0.0 0.0 0.0 1.0 0.0 0.0 20.0 0.0
3269.009171771908 0.0 0.0 0.0 1.0 0.0 0.0 20.0 0.0
3270.009171771908 0.0 0.0 0.0 1.0 0.0 0.0 20.0 0.0
3271.000779665552 0.0 0.0 0.0 1.0 0.0 0.0 20.0 0.0
3272.00334480969 0.0 0.0 0.0 1.0 0.0 0.0 20.0 0.0
3273.0008078055266 0.0 0.0 0.0 1.0 0.0 0.0 20.0 0.0
3274.009171771908 0.0 0.0 0.0 1.0 0.0 0.0 20.0 0.0
3275.009171771908 0.0 0.0 0.0 1.0 0.0 0.0 20.0 0.0
3276.0012745960717 0.0 0.0 0.0 1.0 0.0 0.0 20.0 0.0
3277.009171771908 0.0 0.0 0.0 1.0 0.0 0.0 20.0 0.0
3278.009171771908 0.0 0.0 0.0 1.0 0.0 0.0 20.0 0.0
3279.0088116306183 0.0 0.0 0.0 1.0 0.0 0.0 20.0 0.0
3280.009171771908 0.0 0.0 0.0 1.0 0.0 0.0 20.0 0.0
3281.009171771908 0.0 0.0 0.0 1.0 0.0 0.0 20.0 0.0
3282.009171771908 0.0 0.0 0.0 1.0 0.0 0.0 20.0 0.0
3283.009171771908 0.0 0.0 0.0 1.0 0.0 0.0 20.0 0.0
3284.009171771908 0.0 0.0 0.0 1.0 0.0 0.0 20.0 0.0
3285.001320253549 0.0 0.0 0.0 1.0 0.0 0.0 20.0 0.0
3286.0027552319125 0.0 0.0 0.0 1.0 0.0 0.0 20.0 0.0
3287.009171771908 0.0 0.0 0.0 1.0 0.0 0.0 20.0 0.0
3288.0087369898406 0.0 0.0 0.0 1.0 0.0 0.0 20.0 0.0
3289.0004561298674 0.0 0.0 0.0 1.0 0.0 0.0 20.0 0.0
3290.009171771908 0.0 0.0 0.0 1.0 0.0 0.0 20.0 0.0
3291.0045476702026 0.0 0.0 0.0 1.0 0.0 0.0 20.0 0.0
3292.007836217635 0.0 0.0 0.0 1.0 0.0 0.0 20.0 0.0
3293.0083480946305 0.0 0.0 0.0 1.0 0.0 0.0 20.0 0.0
3294.008390260051 0.0 0.0 0.0 1.0 0.0 0.0 20.0 0.0
3295.009171771908 0.0 0.0 0.0 1.0 0.0 0.0 20.0 0.0
3296.009171771908 0.0 0.0 0.0 1.0 0.0 0.0 20.0 0.0
3297.009171771908 0.0 0.0 0.0 1.0 0.0 0.0 20.0 0.0
3298.0030959966552 0.0 0.0 0.0 1.0 0.0 0.0 20.0 0.0
3299.009171771908 0.0 0.0 0.0 1.0 0.0 0.0 20.0 0.0
3300.009171771908 0.0 0.0 0.0 1.0 0.0 0.0 20.0 0.0
3301.009171771908 0.0 0.0 0.0 1.0 0.0 0.0 20.0 0.0
3302.009171771908 0.0 0.0 0.0 1.0 0.0 0.0 20.0 0.0
3303.009171771908 0.0 0.0 0.0 1.0 0.0 0.0 20.0 0.0
3304.009171771908 0.0 0.0 0.0 1.0 0.0 0.0 20.0 0.0
3305.009171771908 0.0 0.0 0.0 1.0 0.0 0.0 20.0 0.0
3306.009171771908 0.0 0.0 0.0 1.0 0.0 0.0 20.0 0.0
3307.009171771908 0.0 0.0 0.0 1.0 0.0 0.0 20.0 0.0
3308.0075713140836 0.0 0.0 0.0 1.0 0.0 0.0 20.0 0.0
3309.009171771908 0.0 0.0 0.0 1.0 0.0 0.0 20.0 0.0
3310.009171771908 0.0 0.0 0.0 1.0 0.0 0.0 20.0 0.0
3311.0043025138457 0.0 0.0 0.0 1.0 0.0 0.0 20.0 0.0
3312.008772968065 0.0 0.0 0.0 1.0 0.0 0.0 20.0 0.0
3313.009171771908 0.0 0.0 0.0 1.0 0.0 0.0 20.0 0.0
3314.009171771908 0.0 0.0 0.0 1.0 0.0 0.0 20.0 0.0
3315.009171771908 0.0 0.0 0.0 1.0 0.0 0.0 20.0 0.0
3316.0056426661777 0.0 0.0 0.0 1.0 0.0 0.0 20.0 0.0
3317.004822273204 0.0 0.0 0.0 1.0 0.0 0.0 20.0 0.0
3318.009171771908 0.0 0.0 0.0 1.0 0.0 0.0 20.0 0.0
3319.009171771908 0.0 0.0 0.0 1.0 0.0 0.0 20.0 0.0
3320.009171771908 0.0 0.0 0.0 1.0 0.0 0.0 20.0 0.0
3321.0062144712538 0.0 0.0 0.0 1.0 0.0 0.0 20.0 0.0
3322.009171771908 0.0 0.0 0.0 1.0 0.0 0.0 20.0 0.0
3323.009171771908 0.0 0.0 0.0 1.0 0.0 0.0 20.0 0.0
3324.0034152477306 0.0 0.0 0.0 1.0 0.0 0.0 20.0 0.0
3325.009171771908 0.0 0.0 0.0 1.0 0.0 0.0 20.0 0.0
3326.009171771908 0.0 0.0 0.0 1.0 0.0 0.0 20.0 0.0
3327.009171771908 0.0 0.0 0.0 1.0 0.0 0.0 20.0 0.0
3328.009171771908 0.0 0.0 0.0 1.0 0.0 0.0 20.0 0.0
3329.009171771908 0.0 0.0 0.0 1.0 0.0 0.0 20.0 0.0
3330.009171771908 0.0 0.0 0.0 1.0 0.0 0.0 20.0 0.0
3331.009171771908 0.0 0.0 0.0 1.0 0.0 0.0 20.0 0.0
3332.0026555812574 0.0 0.0 0.0 1.0 0.0 0.0 20.0 0.0
3333.009171771908 0.0 0.0 0.0 1.0 0.0 0.0 20.0 0.0
3334.009171771908 0.0 0.0 0.0 1.0 0.0 0.0 20.0 0.0
3335.004126075388 0.0 0.0 0.0 1.0 0.0 0.0 20.0 0.0
3336.009171771908 0.0 0.0 0.0 1.0 0.0 0.0 20.0 0.0
3337.009171771908 0.0 0.0 0.0 1.0 0.0 0.0 20.0 0.0
3338.009171771908 0.0 0.0 0.0 1.0 0.0 0.0 20.0 0.0
3339.0034624255604 0.0 0.0 0.0 1.0 0.0 0.0 20.0 0.0
3340.0047868138104 0.0 0.0 0.0 1.0 0.0 0.0 20.0 0.0
3341.009171771908 0.0 0.0 0.0 1.0 0.0 0.0 20.0 0.0
3342.009171771908 0.0 0.0 0.0 1.0 0.0 0.0 20.0 0.0
3343.009171771908 0.0 0.0 0.0 1.0 0.0 0.0 20.0 0.0
3344.009171771908 0.0 0.0 0.0 1.0 0.0 0.0 20.0 0.0
3345.009171771908 0.0 0.0 0.0 1.0 0.0 0.0 20.0 0.0
3346.009171771908 0.0 0.0 0.0 1.0 0.0 0.0 20.0 0.0
3347.009171771908 0.0 0.0 0.0 1.0 0.0 0.0 20.0 0.0
3348.009171771908 0.0 0.0 0.0 1.0 0.0 0.0 20.0 0.0
3349.009171771908 0.0 0.0 0.0 1.0 0.0 0.0 20.0 0.0
3350.009171771908 0.0 0.0 0.0 1.0 0.0 0.0 20.0 0.0
3351.009171771908 0.0 0.0 0.0 1.0 0.0 0.0 20.0 0.0
3352.001634499013 0.0 0.0 0.0 1.0 0.0 0.0 20.0 0.0
3353.009171771908 0.0 0.0 0.0 1.0 0.0 0.0 20.0 0.0
3354.0054133460358 0.0 0.0 0.0 1.0 0.0 0.0 20.0 0.0
3355.009171771908 0.0 0.0 0.0 1.0 0.0 0.0 20.0 0.0
3356.009171771908 0.0 0.0 0.0 1.0 0.0 0.0 20.0 0.0
3357.009171771908 0.0 0.0 0.0 1.0 0.0 0.0 20.0 0.0
3358.009171771908 0.0 0.0 0.0 1.0 0.0 0.0 20.0 0.0
3359.009171771908 0.0 0.0 0.0 1.0 0.0 0.0 20.0 0.0
3360.009171771908 0.0 0.0 0.0 1.0 0.0 0.0 20.0 0.0
3361.009171771908 0.0 0.0 0.0 1.0 0.0 0.0 20.0 0.0
3362.009171771908 0.0 0.0 0.0 1.0 0.0 0.0 20.0 0.0
3363.009171771908 0.0 0.0 0.0 1.0 0.0 0.0 20.0 0.0
3364.007826929279 0.0 0.0 0.0 1.0 0.0 0.0 20.0 0.0
3365.009171771908 0.0 0.0 0.0 1.0 0.0 0.0 20.0 0.0
3366.0076350032055 0.0 0.0 0.0 1.0 0.0 0.0 20.0 0.0
3367.009171771908 0.0 0.0 0.0 1.0 0.0 0.0 20.0 0.0
3368.009171771908 0.0 0.0 0.0 1.0 0.0 0.0 20.0 0.0
3369.009171771908 0.0 0.0 0.0 1.0 0.0 0.0 20.0 0.0
3370.009171771908 0.0 0.0 0.0 1.0 0.0 0.0 20.0 0.0
3371.009171771908 0.0 0.0 0.0 1.0 0.0 0.0 20.0 0.0
3372.009171771908 0.0 0.0 0.0 1.0 0.0 0.0 20.0 0.0
3373.009171771908 0.0 0.0 0.0 1.0 0.0 0.0 20.0 0.0
3374.0068544321193 0.0 0.0 0.0 1.0 0.0 0.0 20.0 0.0
3375.009171771908 0.0 0.0 0.0 1.0 0.0 0.0 20.0 0.0
3376.009171771908 0.0 0.0 0.0 1.0 0.0 0.0 20.0 0.0
3377.009171771908 0.0 0.0 0.0 1.0 0.0 0.0 20.0 0.0
3378.009171771908 0.0 0.0 0.0 1.0 0.0 0.0 20.0 0.0
3379.003951534182 0.0 0.0 0.0 1.0 0.0 0.0 20.0 0.0
3380.0016600229937 0.0 0.0 0.0 1.0 0.0 0.0 20.0 0.0
3381.009171771908 0.0 0.0 0.0 1.0 0.0 0.0 20.0 0.0
3382.0034250724493 0.0 0.0 0.0 1.0 0.0 0.0 20.0 0.0
3383.009171771908 0.0 0.0 0.0 1.0 0.0 0.0 20.0 0.0
3384.009171771908 0.0 0.0 0.0 1.0 0.0 0.0 20.0 0.0
3385.009171771908 0.0 0.0 0.0 1.0 0.0 0.0 20.0 0.0
3386.009171771908 0.0 0.0 0.0 1.0 0.0 0.0 20.0 0.0
3387.009171771908 0.0 0.0 0.0 1.0 0.0 0.0 20.0 0.0
3388.009171771908 0.0 0.0 0.0 1.0 0.0 0.0 20.0 0.0
3389.009171771908 0.0 0.0 0.0 1.0 0.0 0.0 20.0 0.0
3390.009171771908 0.0 0.0 0.0 1.0 0.0 0.0 20.0 0.0
3391.009171771908 0.0 0.0 0.0 1.0 0.0 0.0 20.0 0.0
3392.0026506937443 0.0 0.0 0.0 1.0 0.0 0.0 20.0 0.0
3393.009171771908 0.0 0.0 0.0 1.0 0.0 0.0 20.0 0.0
3394.009171771908 0.0 0.0 0.0 1.0 0.0 0.0 20.0 0.0
3395.000516860154 0.0 0.0 0.0 1.0 0.0 0.0 20.0 0.0
3396.009171771908 0.0 0.0 0.0 1.0 0.0 0.0 20.0 0.0
3397.009171771908 0.0 0.0 0.0 1.0 0.0 0.0 20.0 0.0
3398.0074529773588 0.0 0.0 0.0 1.0 0.0 0.0 20.0 0.0
3399.009171771908 0.0 0.0 0.0 1.0 0.0 0.0 20.0 0.0
3400.009171771908 0.0 0.0 0.0 1.0 0.0 0.0 20.0 0.0
3401.009171771908 0.0 0.0 0.0 1.0 0.0 0.0 20.0 0.0
3402.0030794004833 0.0 0.0 0.0 1.0 0.0 0.0 20.0 0.0
3403.0010364240134 0.0 0.0 0.0 1.0 0.0 0.0 20.0 0.0
3404.009171771908 0.0 0.0 0.0 1.0 0.0 0.0 20.0 0.0
3405.009171771908 0.0 0.0 0.0 1.0 0.0 0.0 20.0 0.0
3406.009171771908 0.0 0.0 0.0 1.0 0.0 0.0 20.0 0.0
3407.009171771908 0.0 0.0 0.0 1.0 0.0 0.0 20.0 0.0
3408.009171771908 0.0 0.0 0.0 1.0 0.0 0.0 20.0 0.0
3409.009171771908 0.0 0.0 0.0 1.0 0.0 0.0 20.0 0.0
3410.009171771908 0.0 0.0 0.0 1.0 0.0 0.0 20.0 0.0
3411.009171771908 0.0 0.0 0.0 1.0 0.0 0.0 20.0 0.0
3412.009171771908 0.0 0.0 0.0 1.0 0.0 0.0 20.0 0.0
3413.009171771908 0.0 0.0 0.0 1.0 0.0 0.0 20.0 0.0
3414.009171771908 0.0 0.0 0.0 1.0 0.0 0.0 20.0 0.0
3415.009171771908 0.0 0.0 0.0 1.0 0.0 0.0 20.0 0.0
3416.009171771908 0.0 0.0 0.0 1.0 0.0 0.0 20.0 0.0
3417.002866688007 0.0 0.0 0.0 1.0 0.0 0.0 20.0 0.0
3418.009171771908 0.0 0.0 0.0 1.0 0.0 0.0 20.0 0.0
3419.009171771908 0.0 0.0 0.0 1.0 0.0 0.0 20.0 0.0
3420.009171771908 0.0 0.0 0.0 1.0 0.0 0.0 20.0 0.0
3421.0034732504773 0.0 0.0 0.0 1.0 0.0 0.0 20.0 0.0
3422.009171771908 0.0 0.0 0.0 1.0 0.0 0.0 20.0 0.0
3423.009171771908 0.0 0.0 0.0 1.0 0.0 0.0 20.0 0.0
3424.006573429457 0.0 0.0 0.0 1.0 0.0 0.0 20.0 0.0
3425.009171771908 0.0 0.0 0.0 1.0 0.0 0.0 20.0 0.0
3426.009171771908 0.0 0.0 0.0 1.0 0.0 0.0 20.0 0.0
3427.009171771908 0.0 0.0 0.0 1.0 0.0 0.0 20.0 0.0
3428.007949845856 0.0 0.0 0.0 1.0 0.0 0.0 20.0 0.0
3429.009171771908 0.0 0.0 0.0 1.0 0.0 0.0 20.0 0.0
3430.00156008252 0.0 0.0 0.0 1.0 0.0 0.0 20.0 0.0
3431.009171771908 0.0 0.0 0.0 1.0 0.0 0.0 20.0 0.0
3432.009171771908 0.0 0.0 0.0 1.0 0.0 0.0 20.0 0.0
3433.009171771908 0.0 0.0 0.0 1.0 0.0 0.0 20.0 0.0
3434.0003014181034 0.0 0.0 0.0 1.0 0.0 0.0 20.0 0.0
3435.009171771908 0.0 0.0 0.0 1.0 0.0 0.0 20.0 0.0
3436.009034009005 0.0 0.0 0.0 1.0 0.0 0.0 20.0 0.0
3437.0053922511893 0.0 0.0 0.0 1.0 0.0 0.0 20.0 0.0
3438.009171771908 0.0 0.0 0.0 1.0 0.0 0.0 20.0 0.0
3439.009171771908 0.0 0.0 0.0 1.0 0.0 0.0 20.0 0.0
3440.009171771908 0.0 0.0 0.0 1.0 0.0 0.0 20.0 0.0
3441.009171771908 0.0 0.0 0.0 1.0 0.0 0.0 20.0 0.0
3442.009171771908 0.0 0.0 0.0 1.0 0.0 0.0 20.0 0.0
3443.009171771908 0.0 0.0 0.0 1.0 0.0 0.0 20.0 0.0
3444.009171771908 0.0 0.0 0.0 1.0 0.0 0.0 20.0 0.0
3445.009171771908 0.0 0.0 0.0 1.0 0.0 0.0 20.0 0.0
3446.0085048024284 0.0 0.0 0.0 1.0 0.0 0.0 20.0 0.0
3447.009171771908 0.0 0.0 0.0 1.0 0.0 0.0 20.0 0.0
3448.009171771908 0.0 0.0 0.0 1.0 0.0 0.0 20.0 0.0
3449.009171771908 0.0 0.0 0.0 1.0 0.0 0.0 20.0 0.0
3450.009171771908 0.0 0.0 0.0 1.0 0.0 0.0 20.0 0.0
3451.009171771908 0.0 0.0 0.0 1.0 0.0 0.0 20.0 0.0
3452.009171771908 0.0 0.0 0.0 1.0 0.0 0.0 20.0 0.0
3453.009171771908 0.0 0.0 0.0 1.0 0.0 0.0 20.0 0.0
3454.009171771908 0.0 0.0 0.0 1.0 0.0 0.0 20.0 0.0
3455.009171771908 0.0 0.0 0.0 1.0 0.0 0.0 20.0 0.0
3456.009171771908 0.0 0.0 0.0 1.0 0.0 0.0 20.0 0.0
3457.004161817787 0.0 0.0 0.0 1.0 0.0 0.0 20.0 0.0
3458.0079316217734 0.0 0.0 0.0 1.0 0.0 0.0 20.0 0.0
3459.007186509123 0.0 0.0 0.0 1.0 0.0 0.0 20.0 0.0
3460.009171771908 0.0 0.0 0.0 1.0 0.0 0.0 20.0 0.0
3461.009171771908 0.0 0.0 0.0 1.0 0.0 0.0 20.0 0.0
3462.009171771908 0.0 0.0 0.0 1.0 0.0 0.0 20.0 0.0
3463.009171771908 0.0 0.0 0.0 1.0 0.0 0.0 20.0 0.0
3464.0086218705273 0.0 0.0 0.0 1.0 0.0 0.0 20.0 0.0
3465.0089399809126 0.0 0.0 0.0 1.0 0.0 0.0 20.0 0.0
3466.009171771908 0.0 0.0 0.0 1.0 0.0 0.0 20.0 0.0
3467.009171771908 0.0 0.0 0.0 1.0 0.0 0.0 20.0 0.0
3468.009171771908 0.0 0.0 0.0 1.0 0.0 0.0 20.0 0.0
3469.0055393379334 0.0 0.0 0.0 1.0 0.0 0.0 20.0 0.0
3470.0016271646114 0.0 0.0 0.0 1.0 0.0 0.0 20.0 0.0
3471.009171771908 0.0 0.0 0.0 1.0 0.0 0.0 20.0 0.0
3472.009171771908 0.0 0.0 0.0 1.0 0.0 0.0 20.0 0.0
3473.009171771908 0.0 0.0 0.0 1.0 0.0 0.0 20.0 0.0
3474.009171771908 0.0 0.0 0.0 1.0 0.0 0.0 20.0 0.0
3475.0053657174008 0.0 0.0 0.0 1.0 0.0 0.0 20.0 0.0
3476.0089706604526 0.0 0.0 0.0 1.0 0.0 0.0 20.0 0.0
3477.0060744441007 0.0 0.0 0.0 1.0 0.0 0.0 20.0 0.0
3478.009171771908 0.0 0.0 0.0 1.0 0.0 0.0 20.0 0.0
3479.009171771908 0.0 0.0 0.0 1.0 0.0 0.0 20.0 0.0
3480.009171771908 0.0 0.0 0.0 1.0 0.0 0.0 20.0 0.0
3481.009171771908 0.0 0.0 0.0 1.0 0.0 0.0 20.0 0.0
3482.009171771908 0.0 0.0 0.0 1.0 0.0 0.0 20.0 0.0
3483.009171771908 0.0 0.0 0.0 1.0 0.0 0.0 20.0 0.0
3484.009171771908 0.0 0.0 0.0 1.0 0.0 0.0 20.0 0.0
3485.001192089584 0.0 0.0 0.0 1.0 0.0 0.0 20.0 0.0
3486.009171771908 0.0 0.0 0.0 1.0 0.0 0.0 20.0 0.0
3487.009171771908 0.0 0.0 0.0 1.0 0.0 0.0 20.0 0.0
3488.009171771908 0.0 0.0 0.0 1.0 0.0 0.0 20.0 0.0
3489.009171771908 0.0 0.0 0.0 1.0 0.0 0.0 20.0 0.0
3490.009171771908 0.0 0.0 0.0 1.0 0.0 0.0 20.0 0.0
3491.009171771908 0.0 0.0 0.0 1.0 0.0 0.0 20.0 0.0
3492.009171771908 0.0 0.0 0.0 1.0 0.0 0.0 20.0 0.0
3493.009171771908 0.0 0.0 0.0 1.0 0.0 0.0 20.0 0.0
3494.009171771908 0.0 0.0 0.0 1.0 0.0 0.0 20.0 0.0
3495.000357270646 0.0 0.0 0.0 1.0 0.0 0.0 20.0 0.0
3496.009171771908 0.0 0.0 0.0 1.0 0.0 0.0 20.0 0.0
3497.009171771908 0.0 0.0 0.0 1.0 0.0 0.0 20.0 0.0
3498.009171771908 0.0 0.0 0.0 1.0 0.0 0.0 20.0 0.0
3499.0009538892423 0.0 0.0 0.0 1.0 0.0 0.0 20.0 0.0
3500.009171771908 0.0 0.0 0.0 1.0 0.0 0.0 20.0 0.0
3501.009171771908 0.024999999999999988 0.0 0.0 0.975 0.0 1.0 20.0 0.0475609756097561
3502.009171771908 0.7 0.0 0.0 0.3 0.0 1.0 20.025 0.4097560975609756
3503.003442563812 0.925 0.0 0.0 0.07500000000000001 0.0 1.0 20.675 0.1353658536585366
3504.009171771908 1.0 0.0 0.0 0.0 0.0 1.0 21.475 0.0
3505.009171771908 1.0 0.0 0.0 0.0 0.0 1.0 21.75 0.0
3506.009171771908 1.0 0.0 0.0 0.0 0.0 1.0 21.9 0.0
3507.009171771908 1.0 0.0 0.0 0.0 0.0 1.0 21.975 0.0
3508.0015864347065 1.0 0.0 0.0 0.0 0.0 1.0 22.0 0.0
3509.0016153600272 1.0 0.0 0.0 0.0 0.0 1.0 22.0 0.0
3510.009171771908 1.0 0.0 0.0 0.0 0.0 1.0 22.0 0.0
3511.0064260301883 1.0 0.0 0.0 0.0 0.0 1.0 22.0 0.0
3512.009171771908 1.0 0.0 0.0 0.0 0.0 1.0 22.0 0.0
3513.009171771908 1.0 0.0 0.0 0.0 0.0 1.0 22.0 0.0
3514.00491351964 1.0 0.0 0.0 0.0 0.0 1.0 22.0 0.0
3515.009171771908 1.0 0.0 0.0 0.0 0.0 1.0 22.0 0.0
3516.009171771908 1.0 0.0 0.0 0.0 0.0 1.0 22.0 0.0
3517.009171771908 1.0 0.0 0.0 0.0 0.0 1.0 22.0 0.0
3518.009171771908 1.0 0.0 0.0 0.0 0.0 1.0 22.0 0.0
3519.009171771908 1.0 0.0 0.0 0.0 0.0 1.0 22.0 0.0
3520.009171771908 1.0 0.0 0.0 0.0 0.0 1.0 22.0 0.0
3521.009171771908 1.0 0.0 0.0 0.0 0.0 1.0 22.0 0.0
3522.0025996545096 1.0 0.0 0.0 0.0 0.0 1.0 22.0 0.0
3523.009171771908 1.0 0.0 0.0 0.0 0.0 1.0 22.0 0.0
3524.009171771908 1.0 0.0 0.0 0.0 0.0 1.0 22.0 0.0
3525.009171771908 1.0 0.0 0.0 0.0 0.0 1.0 22.0 0.0
3526.009171771908 1.0 0.0 0.0 0.0 0.0 1.0 22.0 0.0
3527.009171771908 1.0 0.0 0.0 0.0 0.0 1.0 22.0 0.0
3528.009171771908 1.0 0.0 0.0 0.0 0.0 1.0 22.0 0.0
3529.009171771908 1.0 0.0 0.0 0.0 0.0 1.0 22.0 0.0
3530.009171771908 1.0 0.0 0.0 0.0 0.0 1.0 22.0 0.0
3531.009171771908 1.0 0.0 0.0 0.0 0.0 1.0 22.0 0.0
3532.009171771908 1.0 0.0 0.0 0.0 0.0 1.0 22.0 0.0
3533.009171771908 1.0 0.0 0.0 0.0 0.0 1.0 22.0 0.0
3534.009171771908 1.0 0.0 0.0 0.0 0.0 1.0 22.0 0.0
3535.009171771908 1.0 0.0 0.0 0.0 0.0 1.0 22.0 0.0
3536.009171771908 1.0 0.0 0.0 0.0 0.0 1.0 22.0 0.0
3537.009171771908 1.0 0.0 0.0 0.0 0.0 1.0 22.0 0.0
3538.009171771908 1.0 0.0 0.0 0.0 0.0 1.0 22.0 0.0
3539.0064333755754 1.0 0.0 0.0 0.0 0.0 1.0 22.0 0.0
3540.009171771908 1.0 0.0 0.0 0.0 0.0 1.0 22.0 0.0
3541.009171771908 1.0 0.0 0.0 0.0 0.0 1.0 22.0 0.0
3542.0008248979902 1.0 0.0 0.0 0.0 0.0 1.0 22.0 0.0
3543.009171771908 1.0 0.0 0.0 0.0 0.0 1.0 22.0 0.0
3544.009171771908 1.0 0.0 0.0 0.0 0.0 1.0 22.0 0.0
3545.009171771908 1.0 0.0 0.0 0.0 0.0 1.0 22.0 0.0
3546.004472652303 1.0 0.0 0.0 0.0 0.0 1.0 22.0 0.0
3547.0001533055633 1.0 0.0 0.0 0.0 0.0 1.0 22.0 0.0
3548.009171771908 1.0 0.0 0.0 0.0 0.0 1.0 22.0 0.0
3549.009171771908 1.0 0.0 0.0 0.0 0.0 1.0 22.0 0.0
3550.009171771908 1.0 0.0 0.0 0.0 0.0 1.0 22.0 0.0
3551.0007316139117 1.0 0.0 0.0 0.0 0.0 1.0 22.0 0.0
3552.009171771908 1.0 0.0 0.0 0.0 0.0 1.0 22.0 0.0
3553.009171771908 1.0 0.0 0.0 0.0 0.0 1.0 22.0 0.0
3554.009171771908 1.0 0.0 0.0 0.0 0.0 1.0 22.0 0.0
3555.009171771908 1.0 0.0 0.0 0.0 0.0 1.0 22.0 0.0
3556.009171771908 1.0 0.0 0.0 0.0 0.0 1.0 22.0 0.0
3557.009171771908 1.0 0.0 0.0 0.0 0.0 1.0 22.0 0.0
3558.009171771908 1.0 0.0 0.0 0.0 0.0 1.0 22.0 0.0
3559.009171771908 1.0 0.0 0.0 0.0 0.0 1.0 22.0 0.0
3560.004371802776 1.0 0.0 0.0 0.0 0.0 1.0 22.0 0.0
3561.006208090859 1.0 0.0 0.0 0.0 0.0 1.0 22.0 0.0
3562.009171771908 1.0 0.0 0.0 0.0 0.0 1.0 22.0 0.0
3563.0055281744835 1.0 0.0 0.0 0.0 0.0 1.0 22.0 0.0
3564.009171771908 1.0 0.0 0.0 0.0 0.0 1.0 22.0 0.0
3565.009171771908 1.0 0.0 0.0 0.0 0.0 1.0 22.0 0.0
3566.009171771908 1.0 0.0 0.0 0.0 0.0 1.0 22.0 0.0
3567.009171771908 1.0 0.0 0.0 0.0 0.0 1.0 22.0 0.0
3568.0073983307407 1.0 0.0 0.0 0.0 0.0 1.0 22.0 0.0
3569.009171771908 1.0 0.0 0.0 0.0 0.0 1.0 22.0 0.0
3570.009171771908 1.0 0.0 0.0 0.0 0.0 1.0 22.0 0.0
3571.009171771908 1.0 0.0 0.0 0.0 0.0 1.0 22.0 0.0
3572.009171771908 1.0 0.0 0.0 0.0 0.0 1.0 22.0 0.0
3573.009171771908 1.0 0.0 0.0 0.0 0.0 1.0 22.0 0.0
3574.009171771908 1.0 0.0 0.0 0.0 0.0 1.0 22.0 0.0
3575.009171771908 1.0 0.0 0.0 0.0 0.0 1.0 22.0 0.0
3576.009171771908 1.0 0.0 0.0 0.0 0.0 1.0 22.0 0.0
3577.0025574269657 1.0 0.0 0.0 0.0 0.0 1.0 22.0 0.0
3578.009171771908 1.0 0.0 0.0 0.0 0.0 1.0 22.0 0.0
3579.009171771908 1.0 0.0 0.0 0.0 0.0 1.0 22.0 0.0
3580.005349763903 1.0 0.0 0.0 0.0 0.0 1.0 22.0 0.0
3581.009171771908 1.0 0.0 0.0 0.0 0.0 1.0 22.0 0.0
3582.009171771908 1.0 0.0 0.0 0.0 0.0 1.0 22.0 0.0
3583.009171771908 1.0 0.0 0.0 0.0 0.0 1.0 22.0 0.0
3584.009171771908 1.0 0.0 0.0 0.0 0.0 1.0 22.0 0.0
3585.0026962991774 1.0 0.0 0.0 0.0 0.0 1.0 22.0 0.0
3586.009171771908 1.0 0.0 0.0 0.0 0.0 1.0 22.0 0.0
3587.009171771908 1.0 0.0 0.0 0.0 0.0 1.0 22.0 0.0
3588.009171771908 1.0 0.0 0.0 0.0 0.0 1.0 22.0 0.0
3589.009171771908 1.0 0.0 0.0 0.0 0.0 1.0 22.0 0.0
3590.009171771908 1.0 0.0 0.0 0.0 0.0 1.0 22.0 0.0
3591.009171771908 1.0 0.0 0.0 0.0 0.0 1.0 22.0 0.0
3592.0034055207148 1.0 0.0 0.0 0.0 0.0 1.0 22.0 0.0
3593.009171771908 1.0 0.0 0.0 0.0 0.0 1.0 22.0 0.0
3594.009171771908 1.0 0.0 0.0 0.0 0.0 1.0 22.0 0.0
3595.009171771908 1.0 0.0 0.0 0.0 0.0 1.0 22.0 0.0
3596.001362306774 1.0 0.0 0.0 0.0 0.0 1.0 22.0 0.0
3597.009171771908 1.0 0.0 0.0 0.0 0.0 1.0 22.0 0.0
3598.009171771908 1.0 0.0 0.0 0.0 0.0 1.0 22.0 0.0
3599.0004874737783 1.0 0.0 0.0 0.0 0.0 1.0 22.0 0.0
3600.009171771908 1.0 0.0 0.0 0.0 0.0 1.0 22.0 0.0
3601.0075431516207 1.0 0.0 0.0 0.0 0.0 1.0 22.0 0.0
3602.009171771908 0.575 0.0 0.42500000000000004 0.0 0.0 1.0 22.0 0.4768292682926829
3603.009171771908 0.02499999999999999 0.0 0.975 0.0 0.0 1.0 22.35 0.0475609756097561
3604.009171771908 0.02499999999999999 0.0 0.975 0.0 0.0 1.0 23.2 0.0475609756097561
3605.009171771908 0.0 0.0 1.0 0.0 0.0 1.0 23.8 0.0
3606.0068722946853 0.0 0.0 1.0 0.0 0.0 1.0 23.95 0.0
3607.00168386384 0.0 0.0 1.0 0.0 0.0 1.0 23.975 0.0
3608.009171771908 0.0 0.0 1.0 0.0 0.0 1.0 24.0 0.0
3609.009171771908 0.0 0.0 1.0 0.0 0.0 1.0 24.0 0.0
3610.008215083098 0.0 0.0 1.0 0.0 0.0 1.0 24.0 0.0
3611.0056093185976 0.0 0.0 1.0 0.0 0.0 1.0 24.0 0.0
3612.009171771908 0.0 0.0 1.0 0.0 0.0 1.0 24.0 0.0
3613.009171771908 0.0 0.0 1.0 0.0 0.0 1.0 24.0 0.0
3614.009171771908 0.0 0.0 1.0 0.0 0.0 1.0 24.0 0.0
3615.009171771908 0.0 0.0 1.0 0.0 0.0 1.0 24.0 0.0
3616.009171771908 0.0 0.0 1.0 0.0 0.0 1.0 24.0 0.0
3617.009171771908 0.0 0.0 1.0 0.0 0.0 1.0 24.0 0.0
3618.0028209692573 0.0 0.0 1.0 0.0 0.0 1.0 24.0 0.0
3619.00342773519 0.0 0.0 1.0 0.0 0.0 1.0 24.0 0.0
3620.009171771908 0.0 0.0 1.0 0.0 0.0 1.0 24.0 0.0
3621.009171771908 0.0 0.0 1.0 0.0 0.0 1.0 24.0 0.0
3622.009171771908 0.0 0.0 1.0 0.0 0.0 1.0 24.0 0.0
3623.009171771908 0.0 0.0 1.0 0.0 0.0 1.0 24.0 0.0
3624.009171771908 0.0 0.0 1.0 0.0 0.0 1.0 24.0 0.0
3625.009171771908 0.0 0.0 1.0 0.0 0.0 1.0 24.0 0.0
3626.009171771908 0.0 0.0 1.0 0.0 0.0 1.0 24.0 0.0
3627.009171771908 0.0 0.0 1.0 0.0 0.0 1.0 24.0 0.0
3628.0036781624945 0.0 0.0 1.0 0.0 0.0 1.0 24.0 0.0
3629.009171771908 0.0 0.0 1.0 0.0 0.0 1.0 24.0 0.0
3630.009171771908 0.0 0.0 1.0 0.0 0.0 1.0 24.0 0.0
3631.009171771908 0.0 0.0 1.0 0.0 0.0 1.0 24.0 0.0
3632.008875248928 0.0 0.0 1.0 0.0 0.0 1.0 24.0 0.0
3633.009171771908 0.0 0.0 1.0 0.0 0.0 1.0 24.0 0.0
3634.009171771908 0.0 0.0 1.0 0.0 0.0 1.0 24.0 0.0
3635.009171771908 0.0 0.0 1.0 0.0 0.0 1.0 24.0 0.0
3636.009171771908 0.0 0.0 1.0 0.0 0.0 1.0 24.0 0.0
3637.009171771908 0.0 0.0 1.0 0.0 0.0 1.0 24.0 0.0
3638.009171771908 0.0 0.0 1.0 0.0 0.0 1.0 24.0 0.0
3639.009171771908 0.0 0.0 1.0 0.0 0.0 1.0 24.0 0.0
3640.009171771908 0.0 0.0 1.0 0.0 0.0 1.0 24.0 0.0
3641.009171771908 0.0 0.0 1.0 0.0 0.0 1.0 24.0 0.0
3642.009171771908 0.0 0.0 1.0 0.0 0.0 1.0 24.0 0.0
3643.0091303192257 0.0 0.0 1.0 0.0 0.0 1.0 24.0 0.0
3644.009171771908 0.0 0.0 1.0 0.0 0.0 1.0 24.0 0.0
3645.009171771908 0.0 0.0 1.0 0.0 0.0 1.0 24.0 0.0
3646.009171771908 0.0 0.0 1.0 0.0 0.0 1.0 24.0 0.0
3647.009171771908 0.0 0.0 1.0 0.0 0.0 1.0 24.0 0.0
3648.009171771908 0.0 0.0 1.0 0.0 0.0 1.0 24.0 0.0
3649.009171771908 0.0 0.0 1.0 0.0 0.0 1.0 24.0 0.0
3650.0038917214056 0.0 0.0 1.0 0.0 0.0 1.0 24.0 0.0
3651.009171771908 0.0 0.0 1.0 0.0 0.0 1.0 24.0 0.0
3652.0048337514 0.0 0.0 1.0 0.0 0.0 1.0 24.0 0.0
3653.009171771908 0.0 0.0 1.0 0.0 0.0 1.0 24.0 0.0
3654.009171771908 0.0 0.0 1.0 0.0 0.0 1.0 24.0 0.0
3655.0074196631267 0.0 0.0 1.0 0.0 0.0 1.0 24.0 0.0
3656.009171771908 0.0 0.0 1.0 0.0 0.0 1.0 24.0 0.0
3657.009171771908 0.0 0.0 1.0 0.0 0.0 1.0 24.0 0.0
3658.009171771908 0.0 0.0 1.0 0.0 0.0 1.0 24.0 0.0
3659.004400599189 0.0 0.0 1.0 0.0 0.0 1.0 24.0 0.0
3660.009171771908 0.0 0.0 1.0 0.0 0.0 1.0 24.0 0.0
3661.009171771908 0.0 0.0 1.0 0.0 0.0 1.0 24.0 0.0
3662.009171771908 0.0 0.0 1.0 0.0 0.0 1.0 24.0 0.0
3663.0042696877194 0.0 0.0 1.0 0.0 0.0 1.0 24.0 0.0
3664.009171771908 0.0 0.0 1.0 0.0 0.0 1.0 24.0 0.0
3665.0061213326694 0.0 0.0 1.0 0.0 0.0 1.0 24.0 0.0
3666.00494110996 0.0 0.0 1.0 0.0 0.0 1.0 24.0 0.0
3667.009171771908 0.0 0.0 1.0 0.0 0.0 1.0 24.0 0.0
3668.009171771908 0.0 0.0 1.0 0.0 0.0 1.0 24.0 0.0
3669.004792395385 0.0 0.0 1.0 0.0 0.0 1.0 24.0 0.0
3670.009171771908 0.0 0.0 1.0 0.0 0.0 1.0 24.0 0.0
3671.009171771908 0.0 0.0 1.0 0.0 0.0 1.0 24.0 0.0
3672.0038704972703 0.0 0.0 1.0 0.0 0.0 1.0 24.0 0.0
3673.0001095541397 0.0 0.0 1.0 0.0 0.0 1.0 24.0 0.0
3674.009171771908 0.0 0.0 1.0 0.0 0.0 1.0 24.0 0.0
3675.009171771908 0.0 0.0 1.0 0.0 0.0 1.0 24.0 0.0
3676.009171771908 0.0 0.0 1.0 0.0 0.0 1.0 24.0 0.0
3677.009171771908 0.0 0.0 1.0 0.0 0.0 1.0 24.0 0.0
3678.0012136137348 0.0 0.0 1.0 0.0 0.0 1.0 24.0 0.0
3679.009171771908 0.0 0.0 1.0 0.0 0.0 1.0 24.0 0.0
3680.009171771908 0.0 0.0 1.0 0.0 0.0 1.0 24.0 0.0
3681.009171771908 0.0 0.0 1.0 0.0 0.0 1.0 24.0 0.0
3682.009171771908 0.0 0.0 1.0 0.0 0.0 1.0 24.0 0.0
3683.0024502428296 0.0 0.0 1.0 0.0 0.0 1.0 24.0 0.0
3684.009171771908 0.0 0.0 1.0 0.0 0.0 1.0 24.0 0.0
3685.009171771908 0.0 0.0 1.0 0.0 0.0 1.0 24.0 0.0
3686.0043464433916 0.0 0.0 1.0 0.0 0.0 1.0 24.0 0.0
3687.009171771908 0.0 0.0 1.0 0.0 0.0 1.0 24.0 0.0
3688.009171771908 0.0 0.0 1.0 0.0 0.0 1.0 24.0 0.0
3689.009171771908 0.0 0.0 1.0 0.0 0.0 1.0 24.0 0.0
3690.009171771908 0.0 0.0 1.0 0.0 0.0 1.0 24.0 0.0
3691.009171771908 0.0 0.0 1.0 0.0 0.0 1.0 24.0 0.0
3692.009171771908 0.0 0.0 1.0 0.0 0.0 1.0 24.0 0.0
3693.009171771908 0.0 0.0 1.0 0.0 0.0 1.0 24.0 0.0
3694.009171771908 0.0 0.0 1.0 0.0 0.0 1.0 24.0 0.0
3695.009171771908 0.0 0.0 1.0 0.0 0.0 1.0 24.0 0.0
3696.009171771908 0.0 0.0 1.0 0.0 0.0 1.0 24.0 0.0
3697.005933990508 0.0 0.0 1.0 0.0 0.0 1.0 24.0 0.0
3698.009171771908 0.0 0.0 1.0 0.0 0.0 1.0 24.0 0.0
3699.0043721486 0.0 0.0 1.0 0.0 0.0 1.0 24.0 0.0
3700.009171771908 0.0 0.0 1.0 0.0 0.0 1.0 24.0 0.0
3701.009171771908 0.0 0.0 1.0 0.0 0.0 1.0 24.0 0.0
3702.009171771908 0.0 0.0 1.0 0.0 0.0 1.0 24.0 0.0
3703.0012900647116 0.0 0.0 1.0 0.0 0.0 1.0 24.0 0.0
3704.009171771908 0.0 0.0 1.0 0.0 0.0 1.0 24.0 0.0
3705.009171771908 0.0 0.0 1.0 0.0 0.0 1.0 24.0 0.0
3706.009171771908 0.0 0.0 1.0 0.0 0.0 1.0 24.0 0.0
3707.009171771908 0.0 0.0 1.0 0.0 0.0 1.0 24.0 0.0
3708.009171771908 0.0 0.0 1.0 0.0 0.0 1.0 24.0 0.0
3709.009171771908 0.0 0.0 1.0 0.0 0.0 1.0 24.0 0.0
3710.0003559181473 0.0 0.0 1.0 0.0 0.0 1.0 24.0 0.0
3711.009171771908 0.0 0.0 1.0 0.0 0.0 1.0 24.0 0.0
3712.006784549595 0.0 0.0 1.0 0.0 0.0 1.0 24.0 0.0
3713.009171771908 0.0 0.0 1.0 0.0 0.0 1.0 24.0 0.0
3714.009171771908 0.0 0.0 1.0 0.0 0.0 1.0 24.0 0.0
3715.007964268622 0.0 0.0 0.175 0.825 0.0 0.0 24.05 0.2817073170731707
3716.009171771908 0.0 0.0 0.0 1.0 0.0 0.0 24.85 0.0
3717.009171771908 0.0 0.0 0.0 1.0 0.0 0.0 25.575 0.0
3718.009171771908 0.0 0.0 0.0 1.0 0.0 0.0 25.95 0.0
3719.009171771908 0.0 0.0 0.0 1.0 0.0 0.0 25.95 0.0
3720.009171771908 0.0 0.0 0.0 1.0 0.0 0.0 25.95 0.0
3721.009171771908 0.0 0.0 0.0 1.0 0.0 0.0 25.95 0.0
3722.0005473850256 0.0 0.0 0.0 1.0 0.0 0.0 25.95 0.0
3723.009171771908 0.0 0.0 0.0 1.0 0.0 0.0 25.95 0.0
3724.009171771908 0.0 0.0 0.0 1.0 0.0 0.0 26.0 0.0
3725.009171771908 0.0 0.0 0.0 1.0 0.0 0.0 26.0 0.0
3726.0016507251785 0.0 0.0 0.0 1.0 0.0 0.0 26.0 0.0
3727.009171771908 0.0 0.0 0.0 1.0 0.0 0.0 26.0 0.0
3728.009171771908 0.0 0.0 0.0 1.0 0.0 0.0 26.0 0.0
3729.009171771908 0.0 0.0 0.0 1.0 0.0 0.0 26.0 0.0
3730.009171771908 0.0 0.0 0.0 1.0 0.0 0.0 26.0 0.0
3731.0044814299476 0.0 0.0 0.0 1.0 0.0 0.0 26.0 0.0
3732.009171771908 0.0 0.0 0.0 1.0 0.0 0.0 26.0 0.0
3733.009171771908 0.0 0.0 0.0 1.0 0.0 0.0 26.0 0.0
3734.0086040701663 0.0 0.0 0.0 1.0 0.0 0.0 26.0 0.0
3735.009171771908 0.0 0.0 0.0 1.0 0.0 0.0 26.0 0.0
3736.009171771908 0.0 0.0 0.0 1.0 0.0 0.0 26.0 0.0
3737.00025809906 0.0 0.0 0.0 1.0 0.0 0.0 26.0 0.0
3738.009171771908 0.0 0.0 0.0 1.0 0.0 0.0 26.0 0.0
3739.0065567739107 0.0 0.0 0.0 1.0 0.0 0.0 26.0 0.0
3740.009171771908 0.0 0.0 0.0 1.0 0.0 0.0 26.0 0.0
3741.009171771908 0.0 0.0 0.0 1.0 0.0 0.0 26.0 0.0
3742.009171771908 0.0 0.0 0.0 1.0 0.0 0.0 26.0 0.0
3743.0016066415355 0.0 0.0 0.0 1.0 0.0 0.0 26.0 0.0
3744.0084480300725 0.0 0.0 0.0 1.0 0.0 0.0 26.0 0.0
3745.009171771908 0.0 0.0 0.0 1.0 0.0 0.0 26.0 0.0
3746.009171771908 0.0 0.0 0.0 1.0 0.0 0.0 26.0 0.0
3747.0022740226086 0.0 0.0 0.0 1.0 0.0 0.0 26.0 0.0
3748.006198968875 0.0 0.0 0.0 1.0 0.0 0.0 26.0 0.0
3749.009171771908 0.0 0.0 0.0 1.0 0.0 0.0 26.0 0.0
3750.009171771908 0.0 0.0 0.0 1.0 0.0 0.0 26.0 0.0
3751.005461088879 0.0 0.0 0.0 1.0 0.0 0.0 26.0 0.0
3752.009171771908 0.0 0.0 0.0 1.0 0.0 0.0 26.0 0.0
3753.008617919253 0.0 0.0 0.0 1.0 0.0 0.0 26.0 0.0
3754.009171771908 0.0 0.0 0.0 1.0 0.0 0.0 26.0 0.0
3755.009171771908 0.0 0.0 0.0 1.0 0.0 0.0 26.0 0.0
3756.0044278280084 0.0 0.0 0.0 1.0 0.0 0.0 26.0 0.0
3757.009171771908 0.0 0.0 0.0 1.0 0.0 0.0 26.0 0.0
3758.008398878342 0.0 0.0 0.0 1.0 0.0 0.0 26.0 0.0
3759.009171771908 0.0 0.0 0.0 1.0 0.0 0.0 26.0 0.0
3760.009171771908 0.0 0.0 0.0 1.0 0.0 0.0 26.0 0.0
3761.009171771908 0.0 0.0 0.0 1.0 0.0 0.0 26.0 0.0
3762.009171771908 0.0 0.0 0.0 1.0 0.0 0.0 26.0 0.0
3763.009171771908 0.0 0.0 0.0 1.0 0.0 0.0 26.0 0.0
3764.008518184724 0.0 0.0 0.0 1.0 0.0 0.0 26.0 0.0
3765.009171771908 0.0 0.0 0.0 1.0 0.0 0.0 26.0 0.0
3766.009171771908 0.0 0.0 0.0 1.0 0.0 0.0 26.0 0.0
3767.002783470096 0.0 0.0 0.0 1.0 0.0 0.0 26.0 0.0
3768.009171771908 0.0 0.0 0.0 1.0 0.0 0.0 26.0 0.0
3769.009171771908 0.0 0.0 0.0 1.0 0.0 0.0 26.0 0.0
3770.009171771908 0.0 0.0 0.0 1.0 0.0 0.0 26.0 0.0
3771.0029754650122 0.0 0.0 0.0 1.0 0.0 0.0 26.0 0.0
3772.0000860122104 0.0 0.0 0.0 1.0 0.0 0.0 26.0 0.0
3773.009171771908 0.0 0.0 0.0 1.0 0.0 0.0 26.0 0.0
3774.007434218212 0.0 0.0 0.0 1.0 0.0 0.0 26.0 0.0
3775.009171771908 0.0 0.0 0.0 1.0 0.0 0.0 26.0 0.0
3776.0008175491116 0.0 0.0 0.0 1.0 0.0 0.0 26.0 0.0
3777.0054531404544 0.0 0.0 0.0 1.0 0.0 0.0 26.0 0.0
3778.009171771908 0.0 0.0 0.0 1.0 0.0 0.0 26.0 0.0
3779.009171771908 0.0 0.0 0.0 1.0 0.0 0.0 26.0 0.0
3780.002801217393 0.0 0.0 0.0 1.0 0.0 0.0 26.0 0.0
3781.009171771908 0.0 0.0 0.0 1.0 0.0 0.0 26.0 0.0
3782.009171771908 0.0 0.0 0.0 1.0 0.0 0.0 26.0 0.0
3783.009171771908 0.0 0.0 0.0 1.0 0.0 0.0 26.0 0.0
3784.002690319811 0.0 0.0 0.0 1.0 0.0 0.0 26.0 0.0
3785.004464029165 0.0 0.0 0.0 1.0 0.0 0.0 26.0 0.0
3786.009171771908 0.0 0.0 0.0 1.0 0.0 0.0 26.0 0.0
3787.009171771908 0.0 0.0 0.0 1.0 0.0 0.0 26.0 0.0
3788.009171771908 0.0 0.0 0.0 1.0 0.0 0.0 26.0 0.0
3789.009171771908 0.0 0.0 0.0 1.0 0.0 0.0 26.0 0.0
3790.009171771908 0.0 0.0 0.0 1.0 0.0 0.0 26.0 0.0
3791.009171771908 0.0 0.0 0.0 1.0 0.0 0.0 26.0 0.0
3792.009171771908 0.0 0.0 0.0 1.0 0.0 0.0 26.0 0.0
3793.009171771908 0.0 0.0 0.0 1.0 0.0 0.0 26.0 0.0
3794.009171771908 0.0 0.0 0.0 1.0 0.0 0.0 26.0 0.0
3795.000635138938 0.0 0.0 0.0 1.0 0.0 0.0 26.0 0.0
3796.0063603026256 0.0 0.0 0.0 1.0 0.0 0.0 26.0 0.0
3797.009171771908 0.0 0.0 0.0 1.0 0.0 0.0 26.0 0.0
3798.0090208228407 0.0 0.0 0.0 1.0 0.0 0.0 26.0 0.0
3799.009171771908 0.0 0.0 0.0 1.0 0.0 0.0 26.0 0.0
3800.009171771908 0.0 0.0 0.0 1.0 0.0 0.0 26.0 0.0
3801.009171771908 0.0 0.0 0.0 1.0 0.0 0.0 26.0 0.0
3802.009171771908 0.0 0.0 0.0 1.0 0.0 0.0 26.0 0.0
3803.009171771908 0.0 0.0 0.0 1.0 0.0 0.0 26.0 0.0
3804.009171771908 0.0 0.0 0.0 1.0 0.0 0.0 26.0 0.0
3805.009171771908 0.0 0.0 0.0 1.0 0.0 0.0 26.0 0.0
3806.009171771908 0.0 0.0 0.0 1.0 0.0 0.0 26.0 0.0
3807.0008429476297 0.0 0.0 0.0 1.0 0.0 0.0 26.0 0.0
3808.009171771908 0.0 0.0 0.0 1.0 0.0 0.0 26.0 0.0
3809.009171771908 0.0 0.0 0.0 1.0 0.0 0.0 26.0 0.0
3810.0056143344937 0.0 0.0 0.0 1.0 0.0 0.0 26.0 0.0
3811.009171771908 0.0 0.0 0.0 1.0 0.0 0.0 26.0 0.0
3812.009171771908 0.0 0.0 0.0 1.0 0.0 0.0 26.0 0.0
3813.009171771908 0.0 0.0 0.0 1.0 0.0 0.0 26.0 0.0
3814.009171771908 0.0 0.0 0.0 1.0 0.0 0.0 26.0 0.0
3815.009171771908 0.0 0.0 0.0 1.0 0.0 0.0 26.0 0.0
3816.009171771908 0.0 0.0 0.0 1.0 0.0 0.0 26.0 0.0
3817.009171771908 0.0 0.0 0.0 1.0 0.0 0.0 26.0 0.0
3818.009171771908 0.0 0.0 0.0 1.0 0.0 0.0 26.0 0.0
3819.009171771908 0.0 0.0 0.0 1.0 0.0 0.0 26.0 0.0
3820.009171771908 0.0 0.0 0.0 1.0 0.0 0.0 26.0 0.0
3821.009171771908 0.0 0.0 0.0 1.0 0.0 0.0 26.0 0.0
3822.009171771908 0.0 0.0 0.0 1.0 0.0 0.0 26.0 0.0
3823.009171771908 0.0 0.0 0.0 1.0 0.0 0.0 26.0 0.0
3824.009171771908 0.0 0.0 0.0 1.0 0.0 0.0 26.0 0.0
3825.009171771908 0.0 0.0 0.0 1.0 0.0 0.0 26.0 0.0
3826.0078726718143 0.0 0.0 0.0 1.0 0.0 0.0 26.0 0.0
3827.009171771908 0.0 0.0 0.0 1.0 0.0 0.0 26.0 0.0
3828.009171771908 0.0 0.0 0.0 1.0 0.0 0.0 26.0 0.0
3829.009171771908 0.0 0.0 0.0 1.0 0.0 0.0 26.0 0.0
3830.009171771908 0.0 0.0 0.0 1.0 0.0 0.0 26.0 0.0
3831.0077369854466 0.0 0.0 0.0 1.0 0.0 0.0 26.0 0.0
3832.009171771908 0.0 0.0 0.0 1.0 0.0 0.0 26.0 0.0
3833.009171771908 0.0 0.0 0.0 1.0 0.0 0.0 26.0 0.0
3834.008251806879 0.0 0.0 0.0 1.0 0.0 0.0 26.0 0.0
3835.009171771908 0.0 0.0 0.0 1.0 0.0 0.0 26.0 0.0
3836.0049925159306 0.0 0.0 0.0 1.0 0.0 0.0 26.0 0.0
3837.009171771908 0.0 0.0 0.0 1.0 0.0 0.0 26.0 0.0
3838.009171771908 0.0 0.0 0.0 1.0 0.0 0.0 26.0 0.0
3839.009171771908 0.0 0.0 0.0 1.0 0.0 0.0 26.0 0.0
3840.009171771908 0.0 0.0 0.0 1.0 0.0 0.0 26.0 0.0
3841.000230245054 0.0 0.0 0.0 1.0 0.0 0.0 26.0 0.0
3842.00000422327 0.0 0.0 0.0 1.0 0.0 0.0 26.0 0.0
3843.009171771908 0.0 0.0 0.0 1.0 0.0 0.0 26.0 0.0
3844.009171771908 0.0 0.0 0.0 1.0 0.0 0.0 26.0 0.0
3845.009171771908 0.0 0.0 0.0 1.0 0.0 0.0 26.0 0.0
3846.0018674216913 0.0 0.0 0.0 1.0 0.0 0.0 26.0 0.0
3847.0091179579877 0.0 0.0 0.0 1.0 0.0 0.0 26.0 0.0
3848.008569866301 0.0 0.0 0.0 1.0 0.0 0.0 26.0 0.0
3849.009171771908 0.0 0.0 0.0 1.0 0.0 0.0 26.0 0.0
3850.006897188335 0.0 0.0 0.0 1.0 0.0 0.0 26.0 0.0
3851.009171771908 0.0 0.0 0.0 1.0 0.0 0.0 26.0 0.0
3852.009171771908 0.0 0.0 0.0 1.0 0.0 0.0 26.0 0.0
3853.009171771908 0.0 0.0 0.0 1.0 0.0 0.0 26.0 0.0
3854.009171771908 0.0 0.0 0.0 1.0 0.0 0.0 26.0 0.0
3855.0036405270225 0.0 0.0 0.0 1.0 0.0 0.0 26.0 0.0
3856.00009117276 0.0 0.0 0.0 1.0 0.0 0.0 26.0 0.0
3857.005355291652 0.0 0.0 0.0 1.0 0.0 0.0 26.0 0.0
3858.009171771908 0.0 0.0 0.0 1.0 0.0 0.0 26.0 0.0
3859.009171771908 0.0 0.0 0.0 1.0 0.0 0.0 26.0 0.0
3860.009171771908 0.0 0.0 0.0 1.0 0.0 0.0 26.0 0.0
3861.009171771908 0.0 0.0 0.0 1.0 0.0 0.0 26.0 0.0
3862.009171771908 0.0 0.0 0.0 1.0 0.0 0.0 26.0 0.0
3863.009171771908 0.0 0.0 0.0 1.0 0.0 0.0 26.0 0.0
3864.009171771908 0.0 0.0 0.0 1.0 0.0 0.0 26.0 0.0
3865.0088034393807 0.0 0.0 0.0 1.0 0.0 0.0 26.0 0.0
3866.009171771908 0.0 0.0 0.0 1.0 0.0 0.0 26.0 0.0
3867.009171771908 0.0 0.0 0.0 1.0 0.0 0.0 26.0 0.0
3868.008819525692 0.0 0.0 0.0 1.0 0.0 0.0 26.0 0.0
3869.0033947218035 0.0 0.0 0.0 1.0 0.0 0.0 26.0 0.0
3870.009171771908 0.0 0.0 0.0 1.0 0.0 0.0 26.0 0.0
3871.0008906622784 0.0 0.0 0.0 1.0 0.0 0.0 26.0 0.0
3872.009171771908 0.0 0.0 0.0 1.0 0.0 0.0 26.0 0.0
3873.009171771908 0.0 0.0 0.0 1.0 0.0 0.0 26.0 0.0
3874.009171771908 0.0 0.0 0.0 1.0 0.0 0.0 26.0 0.0
3875.0056208625047 0.0 0.0 0.0 1.0 0.0 0.0 26.0 0.0
3876.009171771908 0.0 0.0 0.0 1.0 0.0 0.0 26.0 0.0
3877.009171771908 0.0 0.0 0.0 1.0 0.0 0.0 26.0 0.0
3878.009171771908 0.0 0.0 0.0 1.0 0.0 0.0 26.0 0.0
3879.009171771908 0.0 0.0 0.0 1.0 0.0 0.0 26.0 0.0
3880.009171771908 0.0 0.0 0.0 1.0 0.0 0.0 26.0 0.0
3881.008581173782 0.0 0.0 0.0 1.0 0.0 0.0 26.0 0.0
3882.009171771908 0.0 0.0 0.0 1.0 0.0 0.0 26.0 0.0
3883.009171771908 0.0 0.0 0.0 1.0 0.0 0.0 26.0 0.0
3884.009171771908 0.0 0.0 0.0 1.0 0.0 0.0 26.0 0.0
3885.009171771908 0.0 0.0 0.0 1.0 0.0 0.0 26.0 0.0
3886.009171771908 0.0 0.0 0.0 1.0 0.0 0.0 26.0 0.0
3887.009171771908 0.0 0.0 0.0 1.0 0.0 0.0 26.0 0.0
3888.009171771908 0.0 0.0 0.0 1.0 0.0 0.0 26.0 0.0
3889.002639321392 0.0 0.0 0.0 1.0 0.0 0.0 26.0 0.0
3890.0075259573177 0.0 0.0 0.0 1.0 0.0 0.0 26.0 0.0
3891.009171771908 0.0 0.0 0.0 1.0 0.0 0.0 26.0 0.0
3892.009171771908 0.0 0.0 0.0 1.0 0.0 0.0 26.0 0.0
3893.009171771908 0.0 0.0 0.0 1.0 0.0 0.0 26.0 0.0
3894.009171771908 0.0 0.0 0.0 1.0 0.0 0.0 26.0 0.0
3895.009171771908 0.0 0.0 0.0 1.0 0.0 0.0 26.0 0.0
3896.009171771908 0.0 0.0 0.0 1.0 0.0 0.0 26.0 0.0
3897.000243217275 0.0 0.0 0.0 1.0 0.0 0.0 26.0 0.0
3898.004640759698 0.0 0.0 0.0 1.0 0.0 0.0 26.0 0.0
3899.009171771908 0.0 0.0 0.0 1.0 0.0 0.0 26.0 0.0
3900.009171771908 0.0 0.0 0.0 1.0 0.0 0.0 26.0 0.0
3901.009171771908 0.0 0.0 0.0 1.0 0.0 0.0 26.0 0.0
3902.009171771908 0.0 0.0 0.0 1.0 0.0 0.0 26.0 0.0
3903.0083863675904 0.0 0.0 0.0 1.0 0.0 0.0 26.0 0.0
3904.009171771908 0.0 0.0 0.0 1.0 0.0 0.0 26.0 0.0
3905.009171771908 0.0 0.0 0.0 1.0 0.0 0.0 26.0 0.0
3906.004292748138 0.0 0.0 0.0 1.0 0.0 0.0 26.0 0.0
3907.009171771908 0.0 0.0 0.0 1.0 0.0 0.0 26.0 0.0
3908.009171771908 0.0 0.0 0.0 1.0 0.0 0.0 26.0 0.0
3909.0034779296157 0.0 0.0 0.0 1.0 0.0 0.0 26.0 0.0
3910.009171771908 0.0 0.0 0.0 1.0 0.0 0.0 26.0 0.0
3911.007157910018 0.0 0.0 0.0 1.0 0.0 0.0 26.0 0.0
3912.009171771908 0.0 0.0 0.0 1.0 0.0 0.0 26.0 0.0
3913.009171771908 0.0 0.0 0.0 1.0 0.0 0.0 26.0 0.0
3914.0056419920043 0.0 0.0 0.0 1.0 0.0 0.0 26.0 0.0
3915.009171771908 0.0 0.0 0.0 1.0 0.0 0.0 26.0 0.0
3916.009171771908 0.0 0.0 0.0 1.0 0.0 0.0 26.0 0.0
3917.009171771908 0.0 0.0 0.0 1.0 0.0 0.0 26.0 0.0
3918.0021171582166 0.0 0.0 0.0 1.0 0.0 0.0 26.0 0.0
3919.009171771908 0.0 0.0 0.0 1.0 0.0 0.0 26.0 0.0
3920.0008627700527 0.0 0.0 0.0 1.0 0.0 0.0 26.0 0.0
3921.009171771908 0.0 0.0 0.0 1.0 0.0 0.0 26.0 0.0
3922.009171771908 0.0 0.0 0.0 1.0 0.0 0.0 26.0 0.0
3923.0013617492596 0.0 0.0 0.0 1.0 0.0 0.0 26.0 0.0
3924.009171771908 0.0 0.0 0.0 1.0 0.0 0.0 26.0 0.0
3925.009171771908 0.0 0.0 0.0 1.0 0.0 0.0 26.0 0.0
3926.009171771908 0.0 0.0 0.0 1.0 0.0 0.0 26.0 0.0
3927.009171771908 0.0 0.0 0.0 1.0 0.0 0.0 26.0 0.0
3928.009171771908 0.0 0.0 0.0 1.0 0.0 0.0 26.0 0.0
3929.006230562956 0.0 0.0 0.0 1.0 0.0 0.0 26.0 0.0
3930.009171771908 0.0 0.0 0.0 1.0 0.0 0.0 26.0 0.0
3931.009171771908 0.0 0.0 0.0 1.0 0.0 0.0 26.0 0.0
3932.009171771908 0.0 0.0 0.0 1.0 0.0 0.0 26.0 0.0
3933.009171771908 0.0 0.0 0.0 1.0 0.0 0.0 26.0 0.0
3934.009171771908 0.0 0.0 0.0 1.0 0.0 0.0 26.0 0.0
3935.0067785449087 0.0 0.0 0.0 1.0 0.0 0.0 26.0 0.0
3936.0081015381447 0.0 0.0 0.0 1.0 0.0 0.0 26.0 0.0
3937.009171771908 0.0 0.0 0.0 1.0 0.0 0.0 26.0 0.0
3938.009171771908 0.0 0.0 0.0 1.0 0.0 0.0 26.0 0.0
3939.009171771908 0.0 0.0 0.0 1.0 0.0 0.0 26.0 0.0
3940.009171771908 0.0 0.0 0.0 1.0 0.0 0.0 26.0 0.0
3941.0046852836545 0.0 0.0 0.0 1.0 0.0 0.0 26.0 0.0
3942.009171771908 0.0 0.0 0.0 1.0 0.0 0.0 26.0 0.0
3943.009171771908 0.0 0.0 0.0 1.0 0.0 0.0 26.0 0.0
3944.008966055954 0.0 0.0 0.0 1.0 0.0 0.0 26.0 0.0
3945.009171771908 0.0 0.0 0.0 1.0 0.0 0.0 26.0 0.0
3946.009171771908 0.0 0.0 0.0 1.0 0.0 0.0 26.0 0.0
3947.009171771908 0.0 0.0 0.0 1.0 0.0 0.0 26.0 0.0
3948.009171771908 0.0 0.0 0.0 1.0 0.0 0.0 26.0 0.0
3949.009171771908 0.0 0.0 0.0 1.0 0.0 0.0 26.0 0.0
3950.009171771908 0.0 0.0 0.0 1.0 0.0 0.0 26.0 0.0
3951.009171771908 0.0 0.0 0.0 1.0 0.0 0.0 26.0 0.0
3952.0054033415754 0.0 0.0 0.0 1.0 0.0 0.0 26.0 0.0
3953.009171771908 0.0 0.0 0.0 1.0 0.0 0.0 26.0 0.0
3954.009171771908 0.0 0.0 0.0 1.0 0.0 0.0 26.0 0.0
3955.009171771908 0.0 0.0 0.0 1.0 0.0 0.0 26.0 0.0
3956.005463245288 0.0 0.0 0.0 1.0 0.0 0.0 26.0 0.0
3957.001992607634 0.0 0.0 0.0 1.0 0.0 0.0 26.0 0.0
3958.009171771908 0.0 0.0 0.0 1.0 0.0 0.0 26.0 0.0
3959.009171771908 0.0 0.0 0.0 1.0 0.0 0.0 26.0 0.0
3960.009171771908 0.0 0.0 0.0 1.0 0.0 0.0 26.0 0.0
3961.009171771908 0.0 0.0 0.0 1.0 0.0 0.0 26.0 0.0
3962.009171771908 0.0 0.0 0.0 1.0 0.0 0.0 26.0 0.0
3963.009171771908 0.0 0.0 0.0 1.0 0.0 0.0 26.0 0.0
3964.0081532977624 0.0 0.0 0.0 1.0 0.0 0.0 26.0 0.0
3965.009171771908 0.0 0.0 0.0 1.0 0.0 0.0 26.0 0.0
3966.009171771908 0.0 0.0 0.0 1.0 0.0 0.0 26.0 0.0
3967.009171771908 0.0 0.0 0.0 1.0 0.0 0.0 26.0 0.0
3968.0015703912495 0.0 0.0 0.0 1.0 0.0 0.0 26.0 0.0
3969.009171771908 0.0 0.0 0.0 1.0 0.0 0.0 26.0 0.0
3970.0066334825774 0.0 0.0 0.0 1.0 0.0 0.0 26.0 0.0
3971.00084117207 0.0 0.0 0.0 1.0 0.0 0.0 26.0 0.0
3972.0041323520913 0.0 0.0 0.0 1.0 0.0 0.0 26.0 0.0
3973.009171771908 0.0 0.0 0.0 1.0 0.0 0.0 26.0 0.0
3974.0040194395488 0.0 0.0 0.0 1.0 0.0 0.0 26.0 0.0
3975.0088054854828 0.0 0.0 0.0 1.0 0.0 0.0 26.0 0.0
3976.009171771908 0.0 0.0 0.0 1.0 0.0 0.0 26.0 0.0
3977.009171771908 0.0 0.0 0.0 1.0 0.0 0.0 26.0 0.0
3978.009171771908 0.0 0.0 0.0 1.0 0.0 0.0 26.0 0.0
3979.009171771908 0.0 0.0 0.0 1.0 0.0 0.0 26.0 0.0
3980.009171771908 0.0 0.0 0.0 1.0 0.0 0.0 26.0 0.0
3981.0087706163936 0.0 0.0 0.0 1.0 0.0 0.0 26.0 0.0
3982.009171771908 0.0 0.0 0.0 1.0 0.0 0.0 26.0 0.0
3983.009171771908 0.0 0.0 0.0 1.0 0.0 0.0 26.0 0.0
3984.009171771908 0.0 0.0 0.0 1.0 0.0 0.0 26.0 0.0
3985.009171771908 0.0 0.0 0.0 1.0 0.0 0.0 26.0 0.0
3986.009171771908 0.0 0.0 0.0 1.0 0.0 0.0 26.0 0.0
3987.009171771908 0.0 0.0 0.0 1.0 0.0 0.0 26.0 0.0
3988.0089308235692 0.0 0.0 0.0 1.0 0.0 0.0 26.0 0.0
3989.009171771908 0.0 0.0 0.0 1.0 0.0 0.0 26.0 0.0
3990.009171771908 0.0 0.0 0.0 1.0 0.0 0.0 26.0 0.0
3991.009171771908 0.0 0.0 0.0 1.0 0.0 0.0 26.0 0.0
3992.009171771908 0.0 0.0 0.0 1.0 0.0 0.0 26.0 0.0
3993.009171771908 0.0 0.0 0.0 1.0 0.0 0.0 26.0 0.0
3994.009171771908 0.0 0.0 0.0 1.0 0.0 0.0 26.0 0.0
3995.00023469507 0.0 0.0 0.0 1.0 0.0 0.0 26.0 0.0
3996.009171771908 0.0 0.0 0.0 1.0 0.0 0.0 26.0 0.0
3997.0056930291917 0.0 0.0 0.0 1.0 0.0 0.0 26.0 0.0
3998.009171771908 0.0 0.0 0.0 1.0 0.0 0.0 26.0 0.0
3999.004508750188 0.0 0.0 0.0 1.0 0.0 0.0 26.0 0.0
4000.009171771908 0.0 0.0 0.0 1.0 0.0 0.0 26.0 0.0
4001.0046285853723 0.0 0.0 0.0 1.0 0.0 0.0 26.0 0.0
4002.009171771908 0.0 0.0 0.0 1.0 0.0 0.0 26.0 0.0
4003.009171771908 0.0 0.0 0.0 1.0 0.0 0.0 26.0 0.0
4004.0032456394392 0.0 0.0 0.0 1.0 0.0 0.0 26.0 0.0
4005.009171771908 0.0 0.0 0.0 1.0 0.0 0.0 26.0 0.0
4006.009171771908 0.0 0.0 0.0 1.0 0.0 0.0 26.0 0.0
4007.0056912496166 0.0 0.0 0.0 1.0 0.0 0.0 26.0 0.0
4008.009171771908 0.0 0.0 0.0 1.0 0.0 0.0 26.0 0.0
4009.009171771908 0.0 0.0 0.0 1.0 0.0 0.0 26.0 0.0
4010.006359024101 0.0 0.0 0.0 1.0 0.0 0.0 26.0 0.0
4011.0063436965534 0.0 0.0 0.0 1.0 0.0 0.0 26.0 0.0
4012.009171771908 0.0 0.0 0.0 1.0 0.0 0.0 26.0 0.0
4013.001860460012 0.0 0.0 0.0 1.0 0.0 0.0 26.0 0.0
4014.0016395837874 0.0 0.0 0.0 1.0 0.0 0.0 26.0 0.0
4015.009171771908 0.0 0.0 0.0 1.0 0.0 0.0 26.0 0.0
4016.009171771908 0.0 0.0 0.0 1.0 0.0 0.0 26.0 0.0
4017.009171771908 0.0 0.0 0.0 1.0 0.0 0.0 26.0 0.0
4018.009171771908 0.0 0.0 0.0 1.0 0.0 0.0 26.0 0.0
4019.009171771908 0.0 0.0 0.0 1.0 0.0 0.0 26.0 0.0
4020.0009602701643 0.0 0.0 0.0 1.0 0.0 0.0 26.0 0.0
4021.008015166705 0.0 0.0 0.0 1.0 0.0 0.0 26.0 0.0
4022.009171771908 0.0 0.0 0.0 1.0 0.0 0.0 26.0 0.0
4023.009171771908 0.0 0.0 0.0 1.0 0.0 0.0 26.0 0.0
4024.009171771908 0.0 0.0 0.0 1.0 0.0 0.0 26.0 0.0
4025.009171771908 0.0 0.0 0.0 1.0 0.0 0.0 26.0 0.0
4026.009171771908 0.0 0.0 0.0 1.0 0.0 0.0 26.0 0.0
4027.009171771908 0.0 0.0 0.0 1.0 0.0 0.0 26.0 0.0
4028.0090602908285 0.0 0.0 0.0 1.0 0.0 0.0 26.0 0.0
4029.009171771908 0.0 0.0 0.0 1.0 0.0 0.0 26.0 0.0
4030.009171771908 0.0 0.0 0.0 1.0 0.0 0.0 26.0 0.0
4031.009171771908 0.0 0.0 0.0 1.0 0.0 0.0 26.0 0.0
4032.009171771908 0.0 0.0 0.0 1.0 0.0 0.0 26.0 0.0
4033.009171771908 0.0 0.0 0.0 1.0 0.0 0.0 26.0 0.0
4034.009171771908 0.0 0.0 0.0 1.0 0.0 0.0 26.0 0.0
4035.004946625371 0.0 0.0 0.0 1.0 0.0 0.0 26.0 0.0
4036.0040131568094 0.0 0.0 0.0 1.0 0.0 0.0 26.0 0.0
4037.009171771908 0.0 0.0 0.0 1.0 0.0 0.0 26.0 0.0
4038.009171771908 0.0 0.0 0.0 1.0 0.0 0.0 26.0 0.0
4039.009171771908 0.0 0.0 0.0 1.0 0.0 0.0 26.0 0.0
4040.009171771908 0.0 0.0 0.0 1.0 0.0 0.0 26.0 0.0
4041.009171771908 0.0 0.0 0.0 1.0 0.0 0.0 26.0 0.0
4042.0058178719732 0.0 0.0 0.0 1.0 0.0 0.0 26.0 0.0
4043.009171771908 0.0 0.0 0.0 1.0 0.0 0.0 26.0 0.0
4044.009171771908 0.0 0.0 0.0 1.0 0.0 0.0 26.0 0.0
4045.009171771908 0.0 0.0 0.0 1.0 0.0 0.0 26.0 0.0
4046.009171771908 0.0 0.0 0.0 1.0 0.0 0.0 26.0 0.0
4047.009171771908 0.0 0.0 0.0 1.0 0.0 0.0 26.0 0.0
4048.0056780808895 0.0 0.0 0.0 1.0 0.0 0.0 26.0 0.0
4049.009171771908 0.0 0.0 0.0 1.0 0.0 0.0 26.0 0.0
4050.009171771908 0.0 0.0 0.0 1.0 0.0 0.0 26.0 0.0
4051.009171771908 0.0 0.0 0.0 1.0 0.0 0.0 26.0 0.0
4052.009171771908 0.0 0.0 0.0 1.0 0.0 0.0 26.0 0.0
4053.009171771908 0.0 0.0 0.0 1.0 0.0 0.0 26.0 0.0
4054.009171771908 0.0 0.0 0.0 1.0 0.0 0.0 26.0 0.0
4055.009171771908 0.0 0.0 0.0 1.0 0.0 0.0 26.0 0.0
4056.009171771908 0.0 0.0 0.0 1.0 0.0 0.0 26.0 0.0
4057.009171771908 0.0 0.0 0.0 1.0 0.0 0.0 26.0 0.0
4058.006704603382 0.0 0.0 0.0 1.0 0.0 0.0 26.0 0.0
4059.009171771908 0.0 0.0 0.0 1.0 0.0 0.0 26.0 0.0
4060.009171771908 0.0 0.0 0.0 1.0 0.0 0.0 26.0 0.0
4061.009171771908 0.0 0.0 0.0 1.0 0.0 0.0 26.0 0.0
4062.009171771908 0.0 0.0 0.0 1.0 0.0 0.0 26.0 0.0
4063.005869925607 0.0 0.0 0.0 1.0 0.0 0.0 26.0 0.0
4064.009171771908 0.0 0.0 0.0 1.0 0.0 0.0 26.0 0.0
4065.009171771908 0.0 0.0 0.0 1.0 0.0 0.0 26.0 0.0
4066.009171771908 0.0 0.0 0.0 1.0 0.0 0.0 26.0 0.0
4067.009171771908 0.0 0.0 0.0 1.0 0.0 0.0 26.0 0.0
4068.009171771908 0.0 0.0 0.0 1.0 0.0 0.0 26.0 0.0
4069.009171771908 0.0 0.0 0.0 1.0 0.0 0.0 26.0 0.0
4070.009171771908 0.0 0.0 0.0 1.0 0.0 0.0 26.0 0.0
4071.009171771908 0.0 0.0 0.0 1.0 0.0 0.0 26.0 0.0
4072.009171771908 0.0 0.0 0.0 1.0 0.0 0.0 26.0 0.0
4073.009171771908 0.0 0.0 0.0 1.0 0.0 0.0 26.0 0.0
4074.009171771908 0.0 0.0 0.0 1.0 0.0 0.0 26.0 0.0
4075.001198026572 0.0 0.0 0.0 1.0 0.0 0.0 26.0 0.0
4076.009171771908 0.0 0.0 0.0 1.0 0.0 0.0 26.0 0.0
4077.009171771908 0.0 0.0 0.0 1.0 0.0 0.0 26.0 0.0
4078.009171771908 0.0 0.0 0.0 1.0 0.0 0.0 26.0 0.0
4079.002349653866 0.0 0.0 0.0 1.0 0.0 0.0 26.0 0.0
4080.009171771908 0.0 0.0 0.0 1.0 0.0 0.0 26.0 0.0
4081.009171771908 0.0 0.0 0.0 1.0 0.0 0.0 26.0 0.0
4082.009171771908 0.0 0.0 0.0 1.0 0.0 0.0 26.0 0.0
4083.009171771908 0.0 0.0 0.0 1.0 0.0 0.0 26.0 0.0
4084.0040681213713 0.0 0.0 0.0 1.0 0.0 0.0 26.0 0.0
4085.009171771908 0.0 0.0 0.0 1.0 0.0 0.0 26.0 0.0
4086.009171771908 0.0 0.0 0.0 1.0 0.0 0.0 26.0 0.0
4087.007834374447 0.0 0.0 0.0 1.0 0.0 0.0 26.0 0.0
4088.009171771908 0.0 0.0 0.0 1.0 0.0 0.0 26.0 0.0
4089.009171771908 0.0 0.0 0.0 1.0 0.0 0.0 26.0 0.0
4090.009171771908 0.0 0.0 0.0 1.0 0.0 0.0 26.0 0.0
4091.009171771908 0.0 0.0 0.0 1.0 0.0 0.0 26.0 0.0
4092.009171771908 0.0 0.0 0.0 1.0 0.0 0.0 26.0 0.0
4093.0068044836503 0.0 0.0 0.0 1.0 0.0 0.0 26.0 0.0
4094.009171771908 0.0 0.0 0.0 1.0 0.0 0.0 26.0 0.0
4095.009171771908 0.0 0.0 0.0 1.0 0.0 0.0 26.0 0.0
4096.009171771908 0.0 0.0 0.0 1.0 0.0 0.0 26.0 0.0
4097.009171771908 0.0 0.0 0.0 1.0 0.0 0.0 26.0 0.0
4098.009171771908 0.0 0.0 0.0 1.0 0.0 0.0 26.0 0.0
4099.007742479686 0.0 0.0 0.0 1.0 0.0 0.0 26.0 0.0
4100.009171771908 0.0 0.0 0.0 1.0 0.0 0.0 26.0 0.0
4101.00439681182 0.0 0.0 0.0 1.0 0.0 0.0 26.0 0.0
4102.009171771908 0.0 0.0 0.0 1.0 0.0 0.0 26.0 0.0
4103.002204108054 0.0 0.0 0.0 1.0 0.0 0.0 26.0 0.0
4104.009171771908 0.0 0.0 0.0 1.0 0.0 0.0 26.0 0.0
4105.009171771908 0.0 0.0 0.0 1.0 0.0 0.0 26.0 0.0
4106.009171771908 0.0 0.0 0.0 1.0 0.0 0.0 26.0 0.0
4107.009171771908 0.0 0.0 0.0 1.0 0.0 0.0 26.0 0.0
4108.009171771908 0.0 0.0 0.0 1.0 0.0 0.0 26.0 0.0
4109.009171771908 0.0 0.0 0.0 1.0 0.0 0.0 26.0 0.0
4110.0022953095495 0.0 0.0 0.0 1.0 0.0 0.0 26.0 0.0
4111.009171771908 0.0 0.0 0.0 1.0 0.0 0.0 26.0 0.0
4112.009171771908 0.0 0.0 0.0 1.0 0.0 0.0 26.0 0.0
4113.009171771908 0.0 0.0 0.0 1.0 0.0 0.0 26.0 0.0
4114.009171771908 0.0 0.0 0.0 1.0 0.0 0.0 26.0 0.0
4115.009171771908 0.0 0.0 0.0 1.0 0.0 0.0 26.0 0.0
4116.009171771908 0.0 0.0 0.0 1.0 0.0 0.0 26.0 0.0
4117.009171771908 0.0 0.0 0.0 1.0 0.0 0.0 26.0 0.0
4118.009171771908 0.0 0.0 0.0 1.0 0.0 0.0 26.0 0.0
4119.009171771908 0.0 0.0 0.0 1.0 0.0 0.0 26.0 0.0
4120.009171771908 0.0 0.0 0.0 1.0 0.0 0.0 26.0 0.0
4121.009171771908 0.0 0.0 0.0 1.0 0.0 0.0 26.0 0.0
4122.009171771908 0.0 0.0 0.0 1.0 0.0 0.0 26.0 0.0
4123.009171771908 0.0 0.0 0.0 1.0 0.0 0.0 26.0 0.0
4124.009171771908 0.0 0.0 0.0 1.0 0.0 0.0 26.0 0.0
4125.009171771908 0.0 0.0 0.0 1.0 0.0 0.0 26.0 0.0
4126.009171771908 0.0 0.0 0.0 1.0 0.0 0.0 26.0 0.0
4127.009171771908 0.0 0.0 0.0 1.0 0.0 0.0 26.0 0.0
4128.009171771908 0.0 0.0 0.0 1.0 0.0 0.0 26.0 0.0
4129.001864632563 0.0 0.0 0.0 1.0 0.0 0.0 26.0 0.0
4130.009171771908 0.0 0.0 0.0 1.0 0.0 0.0 26.0 0.0
4131.003921408983 0.0 0.0 0.0 1.0 0.0 0.0 26.0 0.0
4132.007836787159 0.0 0.0 0.0 1.0 0.0 0.0 26.0 0.0
4133.009171771908 0.0 0.0 0.0 1.0 0.0 0.0 26.0 0.0
4134.009171771908 0.0 0.0 0.0 1.0 0.0 0.0 26.0 0.0
4135.009171771908 0.0 0.0 0.0 1.0 0.0 0.0 26.0 0.0
4136.009171771908 0.0 0.0 0.0 1.0 0.0 0.0 26.0 0.0
4137.009171771908 0.0 0.0 0.0 1.0 0.0 0.0 26.0 0.0
4138.000186491475 0.0 0.0 0.0 1.0 0.0 0.0 26.0 0.0
4139.009171771908 0.0 0.0 0.0 1.0 0.0 0.0 26.0 0.0
4140.009171771908 0.0 0.0 0.0 1.0 0.0 0.0 26.0 0.0
4141.003907225081 0.0 0.0 0.0 1.0 0.0 0.0 26.0 0.0
4142.009171771908 0.0 0.0 0.0 1.0 0.0 0.0 26.0 0.0
4143.005524598199 0.0 0.0 0.0 1.0 0.0 0.0 26.0 0.0
4144.003119840939 0.0 0.0 0.0 1.0 0.0 0.0 26.0 0.0
4145.009171771908 0.0 0.0 0.0 1.0 0.0 0.0 26.0 0.0
4146.001531948431 0.0 0.0 0.0 1.0 0.0 0.0 26.0 0.0
4147.009171771908 0.0 0.0 0.0 1.0 0.0 0.0 26.0 0.0
4148.009171771908 0.0 0.0 0.0 1.0 0.0 0.0 26.0 0.0
4149.009171771908 0.0 0.0 0.0 1.0 0.0 0.0 26.0 0.0
4150.009171771908 0.0 0.0 0.0 1.0 0.0 0.0 26.0 0.0
4151.009171771908 0.0 0.0 0.0 1.0 0.0 0.0 26.0 0.0
4152.009171771908 0.0 0.0 0.0 1.0 0.0 0.0 26.0 0.0
4153.009171771908 0.0 0.0 0.0 1.0 0.0 0.0 26.0 0.0
4154.009171771908 0.0 0.0 0.0 1.0 0.0 0.0 26.0 0.0
4155.009171771908 0.0 0.0 0.0 1.0 0.0 0.0 26.0 0.0
4156.009171771908 0.0 0.0 0.0 1.0 0.0 0.0 26.0 0.0
4157.009171771908 0.0 0.0 0.0 1.0 0.0 0.0 26.0 0.0
4158.009171771908 0.0 0.0 0.0 1.0 0.0 0.0 26.0 0.0
4159.009171771908 0.0 0.0 0.0 1.0 0.0 0.0 26.0 0.0
4160.009171771908 0.0 0.0 0.0 1.0 0.0 0.0 26.0 0.0
4161.009171771908 0.0 0.0 0.0 1.0 0.0 0.0 26.0 0.0
4162.008111957617 0.0 0.0 0.0 1.0 0.0 0.0 26.0 0.0
4163.009171771908 0.0 0.0 0.0 1.0 0.0 0.0 26.0 0.0
4164.009171771908 0.0 0.0 0.0 1.0 0.0 0.0 26.0 0.0
4165.007888506846 0.0 0.0 0.0 1.0 0.0 0.0 26.0 0.0
4166.001918609352 0.0 0.0 0.0 1.0 0.0 0.0 26.0 0.0
4167.009171771908 0.0 0.0 0.0 1.0 0.0 0.0 26.0 0.0
4168.007228057051 0.0 0.0 0.0 1.0 0.0 0.0 26.0 0.0
4169.009171771908 0.0 0.0 0.0 1.0 0.0 0.0 26.0 0.0
4170.009171771908 0.0 0.0 0.0 1.0 0.0 0.0 26.0 0.0
4171.009171771908 0.0 0.0 0.0 1.0 0.0 0.0 26.0 0.0
4172.009171771908 0.0 0.0 0.0 1.0 0.0 0.0 26.0 0.0
4173.009171771908 0.0 0.0 0.0 1.0 0.0 0.0 26.0 0.0
4174.009171771908 0.0 0.0 0.0 1.0 0.0 0.0 26.0 0.0
4175.009171771908 0.0 0.0 0.0 1.0 0.0 0.0 26.0 0.0
4176.009171771908 0.0 0.0 0.0 1.0 0.0 0.0 26.0 0.0
4177.009171771908 0.0 0.0 0.0 1.0 0.0 0.0 26.0 0.0
4178.009171771908 0.0 0.0 0.0 1.0 0.0 0.0 26.0 0.0
4179.009171771908 0.0 0.0 0.0 1.0 0.0 0.0 26.0 0.0
4180.009171771908 0.0 0.0 0.0 1.0 0.0 0.0 26.0 0.0
4181.009171771908 0.0 0.0 0.0 1.0 0.0 0.0 26.0 0.0
4182.009171771908 0.0 0.0 0.0 1.0 0.0 0.0 26.0 0.0
4183.008734438179 0.0 0.0 0.0 1.0 0.0 0.0 26.0 0.0
4184.009171771908 0.0 0.0 0.0 1.0 0.0 0.0 26.0 0.0
4185.009171771908 0.0 0.0 0.0 1.0 0.0 0.0 26.0 0.0
4186.009171771908 0.0 0.0 0.0 1.0 0.0 0.0 26.0 0.0
4187.00209220647 0.0 0.0 0.0 1.0 0.0 0.0 26.0 0.0
4188.009171771908 0.0 0.0 0.0 1.0 0.0 0.0 26.0 0.0
4189.009171771908 0.0 0.0 0.0 1.0 0.0 0.0 26.0 0.0
4190.009171771908 0.0 0.0 0.0 1.0 0.0 0.0 26.0 0.0
4191.009171771908 0.0 0.0 0.0 1.0 0.0 0.0 26.0 0.0
4192.009171771908 0.0 0.0 0.0 1.0 0.0 0.0 26.0 0.0
4193.009171771908 0.0 0.0 0.0 1.0 0.0 0.0 26.0 0.0
4194.009171771908 0.0 0.0 0.0 1.0 0.0 0.0 26.0 0.0
4195.009171771908 0.0 0.0 0.0 1.0 0.0 0.0 26.0 0.0
4196.009171771908 0.0 0.0 0.0 1.0 0.0 0.0 26.0 0.0
4197.009171771908 0.0 0.0 0.0 1.0 0.0 0.0 26.0 0.0
4198.009171771908 0.0 0.0 0.0 1.0 0.0 0.0 26.0 0.0
4199.009171771908 0.0 0.0 0.0 1.0 0.0 0.0 26.0 0.0
4200.007709907735 0.0 0.0 0.0 1.0 0.0 0.0 26.0 0.0
4201.009171771908 0.0 0.0 0.0 1.0 0.0 0.0 26.0 0.0
4202.007903972243 0.0 0.0 0.0 1.0 0.0 0.0 26.0 0.0
4203.009171771908 0.0 0.0 0.0 1.0 0.0 0.0 26.0 0.0
4204.009171771908 0.0 0.0 0.0 1.0 0.0 0.0 26.0 0.0
4205.003258195551 0.0 0.0 0.0 1.0 0.0 0.0 26.0 0.0
4206.009171771908 0.0 0.0 0.0 1.0 0.0 0.0 26.0 0.0
4207.005411378152 0.0 0.0 0.0 1.0 0.0 0.0 26.0 0.0
4208.009171771908 0.0 0.0 0.0 1.0 0.0 0.0 26.0 0.0
4209.003365990992 0.0 0.0 0.0 1.0 0.0 0.0 26.0 0.0
4210.009171771908 0.0 0.0 0.0 1.0 0.0 0.0 26.0 0.0
4211.009171771908 0.0 0.0 0.0 1.0 0.0 0.0 26.0 0.0
4212.000580415654 0.0 0.0 0.0 1.0 0.0 0.0 26.0 0.0
4213.009171771908 0.0 0.0 0.0 1.0 0.0 0.0 26.0 0.0
4214.0044844671265 0.0 0.0 0.0 1.0 0.0 0.0 26.0 0.0
4215.009171771908 0.0 0.0 0.0 1.0 0.0 0.0 26.0 0.0
4216.009171771908 0.0 0.0 0.0 1.0 0.0 0.0 26.0 0.0
4217.009171771908 0.0 0.0 0.0 1.0 0.0 0.0 26.0 0.0
4218.009171771908 0.0 0.0 0.0 1.0 0.0 0.0 26.0 0.0
4219.0091137392055 0.0 0.0 0.0 1.0 0.0 0.0 26.0 0.0
4220.006918401948 0.0 0.0 0.0 1.0 0.0 0.0 26.0 0.0
4221.009171771908 0.0 0.0 0.0 1.0 0.0 0.0 26.0 0.0
4222.009171771908 0.0 0.0 0.0 1.0 0.0 0.0 26.0 0.0
4223.001536207694 0.0 0.0 0.0 1.0 0.0 0.0 26.0 0.0
4224.009171771908 0.0 0.0 0.0 1.0 0.0 0.0 26.0 0.0
4225.009171771908 0.0 0.0 0.0 1.0 0.0 0.0 26.0 0.0
4226.009171771908 0.0 0.0 0.0 1.0 0.0 0.0 26.0 0.0
4227.009171771908 0.0 0.0 0.0 1.0 0.0 0.0 26.0 0.0
4228.009171771908 0.0 0.0 0.0 1.0 0.0 0.0 26.0 0.0
4229.009171771908 0.0 0.0 0.0 1.0 0.0 0.0 26.0 0.0
4230.008487064424 0.0 0.0 0.0 1.0 0.0 0.0 26.0 0.0
4231.009171771908 0.0 0.0 0.0 1.0 0.0 0.0 26.0 0.0
4232.009171771908 0.0 0.0 0.0 1.0 0.0 0.0 26.0 0.0
4233.009171771908 0.0 0.0 0.0 1.0 0.0 0.0 26.0 0.0
4234.005534359401 0.0 0.0 0.0 1.0 0.0 0.0 26.0 0.0
4235.009171771908 0.0 0.0 0.0 1.0 0.0 0.0 26.0 0.0
4236.009171771908 0.0 0.0 0.0 1.0 0.0 0.0 26.0 0.0
4237.001440524871 0.0 0.0 0.0 1.0 0.0 0.0 26.0 0.0
4238.009171771908 0.0 0.0 0.0 1.0 0.0 0.0 26.0 0.0
4239.009171771908 0.0 0.0 0.0 1.0 0.0 0.0 26.0 0.0
4240.000735879729 0.0 0.0 0.0 1.0 0.0 0.0 26.0 0.0
4241.001563181014 0.0 0.0 0.0 1.0 0.0 0.0 26.0 0.0
4242.009171771908 0.0 0.0 0.0 1.0 0.0 0.0 26.0 0.0
4243.009171771908 0.0 0.0 0.0 1.0 0.0 0.0 26.0 0.0
4244.009171771908 0.0 0.0 0.0 1.0 0.0 0.0 26.0 0.0
4245.009171771908 0.0 0.0 0.0 1.0 0.0 0.0 26.0 0.0
4246.009171771908 0.0 0.0 0.0 1.0 0.0 0.0 26.0 0.0
4247.009171771908 0.0 0.0 0.0 1.0 0.0 0.0 26.0 0.0
4248.009171771908 0.0 0.0 0.0 1.0 0.0 0.0 26.0 0.0
4249.000498384832 0.0 0.0 0.0 1.0 0.0 0.0 26.0 0.0
4250.009171771908 0.0 0.0 0.0 1.0 0.0 0.0 26.0 0.0
4251.009171771908 0.0 0.0 0.0 1.0 0.0 0.0 26.0 0.0
4252.009171771908 0.0 0.0 0.0 1.0 0.0 0.0 26.0 0.0
4253.009171771908 0.0 0.0 0.0 1.0 0.0 0.0 26.0 0.0
4254.009171771908 0.0 0.0 0.0 1.0 0.0 0.0 26.0 0.0
4255.009171771908 0.0 0.0 0.0 1.0 0.0 0.0 26.0 0.0
4256.009171771908 0.0 0.0 0.0 1.0 0.0 0.0 26.0 0.0
4257.009171771908 0.0 0.0 0.0 1.0 0.0 0.0 26.0 0.0
4258.004493184305 0.0 0.0 0.0 1.0 0.0 0.0 26.0 0.0
4259.009171771908 0.0 0.0 0.0 1.0 0.0 0.0 26.0 0.0
4260.009171771908 0.0 0.0 0.0 1.0 0.0 0.0 26.0 0.0
4261.009171771908 0.0 0.0 0.0 1.0 0.0 0.0 26.0 0.0
4262.009171771908 0.0 0.0 0.0 1.0 0.0 0.0 26.0 0.0
4263.00401350101 0.0 0.0 0.0 1.0 0.0 0.0 26.0 0.0
4264.009171771908 0.0 0.0 0.0 1.0 0.0 0.0 26.0 0.0
4265.009171771908 0.0 0.0 0.0 1.0 0.0 0.0 26.0 0.0
4266.009171771908 0.0 0.0 0.0 1.0 0.0 0.0 26.0 0.0
4267.003359535628 0.0 0.0 0.0 1.0 0.0 0.0 26.0 0.0
4268.009171771908 0.0 0.0 0.0 1.0 0.0 0.0 26.0 0.0
4269.003074802929 0.0 0.0 0.0 1.0 0.0 0.0 26.0 0.0
4270.009171771908 0.0 0.0 0.0 1.0 0.0 0.0 26.0 0.0
4271.009171771908 0.0 0.0 0.0 1.0 0.0 0.0 26.0 0.0
4272.000832638542 0.0 0.0 0.0 1.0 0.0 0.0 26.0 0.0
4273.002772063971 0.0 0.0 0.0 1.0 0.0 0.0 26.0 0.0
4274.009171771908 0.0 0.0 0.0 1.0 0.0 0.0 26.0 0.0
4275.009171771908 0.0 0.0 0.0 1.0 0.0 0.0 26.0 0.0
4276.009171771908 0.0 0.0 0.0 1.0 0.0 0.0 26.0 0.0
4277.009171771908 0.0 0.0 0.0 1.0 0.0 0.0 26.0 0.0
4278.009171771908 0.0 0.0 0.0 1.0 0.0 0.0 26.0 0.0
4279.004173047353 0.0 0.0 0.0 1.0 0.0 0.0 26.0 0.0
4280.000946626613 0.0 0.0 0.0 1.0 0.0 0.0 26.0 0.0
4281.009171771908 0.0 0.0 0.0 1.0 0.0 0.0 26.0 0.0
4282.008689796294 0.0 0.0 0.0 1.0 0.0 0.0 26.0 0.0
4283.009171771908 0.0 0.0 0.0 1.0 0.0 0.0 26.0 0.0
4284.009171771908 0.0 0.0 0.0 1.0 0.0 0.0 26.0 0.0
4285.003251991896 0.0 0.0 0.0 1.0 0.0 0.0 26.0 0.0
4286.009171771908 0.0 0.0 0.0 1.0 0.0 0.0 26.0 0.0
4287.009171771908 0.0 0.0 0.0 1.0 0.0 0.0 26.0 0.0
4288.009171771908 0.0 0.0 0.0 1.0 0.0 0.0 26.0 0.0
4289.009171771908 0.0 0.0 0.0 1.0 0.0 0.0 26.0 0.0
4290.009171771908 0.0 0.0 0.0 1.0 0.0 0.0 26.0 0.0
4291.006992240132 0.0 0.0 0.0 1.0 0.0 0.0 26.0 0.0
4292.0062304155035 0.0 0.0 0.0 1.0 0.0 0.0 26.0 0.0
4293.006028524741 0.0 0.0 0.0 1.0 0.0 0.0 26.0 0.0
4294.009171771908 0.0 0.0 0.0 1.0 0.0 0.0 26.0 0.0
4295.000029485478 0.0 0.0 0.0 1.0 0.0 0.0 26.0 0.0
4296.009171771908 0.0 0.0 0.0 1.0 0.0 0.0 26.0 0.0
4297.009171771908 0.0 0.0 0.0 1.0 0.0 0.0 26.0 0.0
4298.009171771908 0.0 0.0 0.0 1.0 0.0 0.0 26.0 0.0
4299.009171771908 0.0 0.0 0.0 1.0 0.0 0.0 26.0 0.0
4300.009171771908 0.0 0.0 0.0 1.0 0.0 0.0 26.0 0.0
4301.009171771908 0.0 0.0 0.0 1.0 0.0 0.0 26.0 0.0
4302.009171771908 0.0 0.0 0.0 1.0 0.0 0.0 26.0 0.0
4303.009171771908 0.0 0.0 0.0 1.0 0.0 0.0 26.0 0.0
4304.003468498249 0.0 0.0 0.0 1.0 0.0 0.0 26.0 0.0
4305.009171771908 0.0 0.0 0.0 1.0 0.0 0.0 26.0 0.0
4306.009171771908 0.0 0.0 0.0 1.0 0.0 0.0 26.0 0.0
4307.009171771908 0.0 0.0 0.0 1.0 0.0 0.0 26.0 0.0
4308.009171771908 0.0 0.0 0.0 1.0 0.0 0.0 26.0 0.0
4309.009171771908 0.0 0.0 0.0 1.0 0.0 0.0 26.0 0.0
4310.009171771908 0.0 0.0 0.0 1.0 0.0 0.0 26.0 0.0
4311.009171771908 0.0 0.0 0.0 1.0 0.0 0.0 26.0 0.0
4312.000715688246 0.0 0.0 0.0 1.0 0.0 0.0 26.0 0.0
4313.009171771908 0.0 0.0 0.0 1.0 0.0 0.0 26.0 0.0
4314.009171771908 0.0 0.0 0.0 1.0 0.0 0.0 26.0 0.0
4315.009171771908 0.0 0.0 0.0 1.0 0.0 0.0 26.0 0.0
4316.009171771908 0.0 0.0 0.0 1.0 0.0 0.0 26.0 0.0
4317.004966912189 0.0 0.0 0.0 1.0 0.0 0.0 26.0 0.0
4318.009171771908 0.0 0.0 0.0 1.0 0.0 0.0 26.0 0.0
4319.009171771908 0.0 0.0 0.0 1.0 0.0 0.0 26.0 0.0
4320.009171771908 0.0 0.0 0.0 1.0 0.0 0.0 26.0 0.0
4321.009171771908 0.0 0.0 0.0 1.0 0.0 0.0 26.0 0.0
4322.001674791314 0.0 0.0 0.0 1.0 0.0 0.0 26.0 0.0
4323.009171771908 0.0 0.0 0.0 1.0 0.0 0.0 26.0 0.0
4324.009171771908 0.0 0.0 0.0 1.0 0.0 0.0 26.0 0.0
4325.009171771908 0.0 0.0 0.0 1.0 0.0 0.0 26.0 0.0
4326.009171771908 0.0 0.0 0.0 1.0 0.0 0.0 26.0 0.0
4327.000600386883 0.0 0.0 0.0 1.0 0.0 0.0 26.0 0.0
4328.009171771908 0.0 0.0 0.0 1.0 0.0 0.0 26.0 0.0
4329.005509612192 0.0 0.0 0.0 1.0 0.0 0.0 26.0 0.0
4330.009171771908 0.0 0.0 0.0 1.0 0.0 0.0 26.0 0.0
4331.00079615948 0.0 0.0 0.0 1.0 0.0 0.0 26.0 0.0
4332.005123226756 0.0 0.0 0.0 1.0 0.0 0.0 26.0 0.0
4333.001348672086 0.0 0.0 0.0 1.0 0.0 0.0 26.0 0.0
4334.009064439971 0.0 0.0 0.0 1.0 0.0 0.0 26.0 0.0
4335.009171771908 0.0 0.0 0.0 1.0 0.0 0.0 26.0 0.0
4336.009171771908 0.0 0.0 0.0 1.0 0.0 0.0 26.0 0.0
4337.008136965247 0.0 0.0 0.0 1.0 0.0 0.0 26.0 0.0
4338.009171771908 0.0 0.0 0.0 1.0 0.0 0.0 26.0 0.0
4339.009171771908 0.0 0.0 0.0 1.0 0.0 0.0 26.0 0.0
4340.009171771908 0.0 0.0 0.0 1.0 0.0 0.0 26.0 0.0
4341.009171771908 0.0 0.0 0.0 1.0 0.0 0.0 26.0 0.0
4342.009171771908 0.0 0.0 0.0 1.0 0.0 0.0 26.0 0.0
4343.009171771908 0.0 0.0 0.0 1.0 0.0 0.0 26.0 0.0
4344.009171771908 0.0 0.0 0.0 1.0 0.0 0.0 26.0 0.0
4345.009171771908 0.0 0.0 0.0 1.0 0.0 0.0 26.0 0.0
4346.009171771908 0.0 0.0 0.0 1.0 0.0 0.0 26.0 0.0
4347.009171771908 0.0 0.0 0.0 1.0 0.0 0.0 26.0 0.0
4348.009171771908 0.0 0.0 0.0 1.0 0.0 0.0 26.0 0.0
4349.003889374686 0.0 0.0 0.0 1.0 0.0 0.0 26.0 0.0
4350.0045328943 0.0 0.0 0.0 1.0 0.0 0.0 26.0 0.0
4351.009171771908 0.0 0.0 0.0 1.0 0.0 0.0 26.0 0.0
4352.009171771908 0.0 0.0 0.0 1.0 0.0 0.0 26.0 0.0
4353.009171771908 0.0 0.0 0.0 1.0 0.0 0.0 26.0 0.0
4354.009171771908 0.0 0.0 0.0 1.0 0.0 0.0 26.0 0.0
4355.009171771908 0.0 0.0 0.0 1.0 0.0 0.0 26.0 0.0
4356.009171771908 0.0 0.0 0.0 1.0 0.0 0.0 26.0 0.0
4357.009171771908 0.0 0.0 0.0 1.0 0.0 0.0 26.0 0.0
4358.009171771908 0.0 0.0 0.0 1.0 0.0 0.0 26.0 0.0
4359.009171771908 0.0 0.0 0.0 1.0 0.0 0.0 26.0 0.0
4360.009171771908 0.0 0.0 0.0 1.0 0.0 0.0 26.0 0.0
4361.009171771908 0.0 0.0 0.0 1.0 0.0 0.0 26.0 0.0
4362.009171771908 0.0 0.0 0.0 1.0 0.0 0.0 26.0 0.0
4363.002801682555 0.0 0.0 0.0 1.0 0.0 0.0 26.0 0.0
4364.009171771908 0.0 0.0 0.0 1.0 0.0 0.0 26.0 0.0
4365.009171771908 0.0 0.0 0.0 1.0 0.0 0.0 26.0 0.0
4366.009171771908 0.0 0.0 0.0 1.0 0.0 0.0 26.0 0.0
4367.009171771908 0.0 0.0 0.0 1.0 0.0 0.0 26.0 0.0
4368.009171771908 0.0 0.0 0.0 1.0 0.0 0.0 26.0 0.0
4369.009171771908 0.0 0.0 0.0 1.0 0.0 0.0 26.0 0.0
4370.009171771908 0.0 0.0 0.0 1.0 0.0 0.0 26.0 0.0
4371.009171771908 0.0 0.0 0.0 1.0 0.0 0.0 26.0 0.0
4372.009171771908 0.0 0.0 0.0 1.0 0.0 0.0 26.0 0.0
4373.009171771908 0.0 0.0 0.0 1.0 0.0 0.0 26.0 0.0
4374.002783741876 0.0 0.0 0.0 1.0 0.0 0.0 26.0 0.0
4375.0064393828925 0.0 0.0 0.0 1.0 0.0 0.0 26.0 0.0
4376.009171771908 0.0 0.0 0.0 1.0 0.0 0.0 26.0 0.0
4377.009171771908 0.0 0.0 0.0 1.0 0.0 0.0 26.0 0.0
4378.009171771908 0.0 0.0 0.0 1.0 0.0 0.0 26.0 0.0
4379.0031000260615 0.0 0.0 0.0 1.0 0.0 0.0 26.0 0.0
4380.005456458661 0.0 0.0 0.0 1.0 0.0 0.0 26.0 0.0
4381.004315650651 0.0 0.0 0.0 1.0 0.0 0.0 26.0 0.0
4382.001723345245 0.0 0.0 0.0 1.0 0.0 0.0 26.0 0.0
4383.008243101554 0.0 0.0 0.0 1.0 0.0 0.0 26.0 0.0
4384.004589005728 0.0 0.0 0.0 1.0 0.0 0.0 26.0 0.0
4385.002072166116 0.0 0.0 0.0 1.0 0.0 0.0 26.0 0.0
4386.009171771908 0.0 0.0 0.0 1.0 0.0 0.0 26.0 0.0
4387.009171771908 0.0 0.0 0.0 1.0 0.0 0.0 26.0 0.0
4388.00349975603 0.0 0.0 0.0 1.0 0.0 0.0 26.0 0.0
4389.009171771908 0.0 0.0 0.0 1.0 0.0 0.0 26.0 0.0
4390.001941445094 0.0 0.0 0.0 1.0 0.0 0.0 26.0 0.0
4391.009171771908 0.0 0.0 0.0 1.0 0.0 0.0 26.0 0.0
4392.009171771908 0.0 0.0 0.0 1.0 0.0 0.0 26.0 0.0
4393.009171771908 0.0 0.0 0.0 1.0 0.0 0.0 26.0 0.0
4394.009171771908 0.0 0.0 0.0 1.0 0.0 0.0 26.0 0.0
4395.009171771908 0.0 0.0 0.0 1.0 0.0 0.0 26.0 0.0
4396.008716413537 0.0 0.0 0.0 1.0 0.0 0.0 26.0 0.0
4397.006685968467 0.0 0.0 0.0 1.0 0.0 0.0 26.0 0.0
4398.009171771908 0.0 0.0 0.0 1.0 0.0 0.0 26.0 0.0
4399.007265764685 0.0 0.0 0.0 1.0 0.0 0.0 26.0 0.0
4400.009171771908 0.0 0.0 0.0 1.0 0.0 0.0 26.0 0.0
4401.009171771908 0.0 0.0 0.0 1.0 0.0 0.0 26.0 0.0
4402.009171771908 0.0 0.0 0.0 1.0 0.0 0.0 26.0 0.0
4403.005616841863 0.0 0.0 0.0 1.0 0.0 0.0 26.0 0.0
4404.009171771908 0.0 0.0 0.0 1.0 0.0 0.0 26.0 0.0
4405.009171771908 0.0 0.0 0.0 1.0 0.0 0.0 26.0 0.0
4406.002506903922 0.0 0.0 0.0 1.0 0.0 0.0 26.0 0.0
4407.009171771908 0.0 0.0 0.0 1.0 0.0 0.0 26.0 0.0
4408.009171771908 0.0 0.0 0.0 1.0 0.0 0.0 26.0 0.0
4409.002815506078 0.0 0.0 0.0 1.0 0.0 0.0 26.0 0.0
4410.009171771908 0.0 0.0 0.0 1.0 0.0 0.0 26.0 0.0
4411.009171771908 0.0 0.0 0.0 1.0 0.0 0.0 26.0 0.0
4412.009171771908 0.0 0.0 0.0 1.0 0.0 0.0 26.0 0.0
4413.005189013593 0.0 0.0 0.0 1.0 0.0 0.0 26.0 0.0
4414.009171771908 0.0 0.0 0.0 1.0 0.0 0.0 26.0 0.0
4415.009171771908 0.0 0.0 0.0 1.0 0.0 0.0 26.0 0.0
4416.009171771908 0.0 0.0 0.0 1.0 0.0 0.0 26.0 0.0
4417.005488764589 0.0 0.0 0.0 1.0 0.0 0.0 26.0 0.0
4418.009171771908 0.0 0.0 0.0 1.0 0.0 0.0 26.0 0.0
4419.009171771908 0.0 0.0 0.0 1.0 0.0 0.0 26.0 0.0
4420.004382183294 0.0 0.0 0.0 1.0 0.0 0.0 26.0 0.0
4421.009171771908 0.0 0.0 0.0 1.0 0.0 0.0 26.0 0.0
4422.009171771908 0.0 0.0 0.0 1.0 0.0 0.0 26.0 0.0
4423.009171771908 0.0 0.0 0.0 1.0 0.0 0.0 26.0 0.0
4424.009171771908 0.0 0.0 0.0 1.0 0.0 0.0 26.0 0.0
4425.009171771908 0.0 0.0 0.0 1.0 0.0 0.0 26.0 0.0
4426.006350129339 0.0 0.0 0.0 1.0 0.0 0.0 26.0 0.0
4427.001397124068 0.0 0.0 0.0 1.0 0.0 0.0 26.0 0.0
4428.009171771908 0.0 0.0 0.0 1.0 0.0 0.0 26.0 0.0
4429.009171771908 0.0 0.0 0.0 1.0 0.0 0.0 26.0 0.0
4430.009171771908 0.0 0.0 0.0 1.0 0.0 0.0 26.0 0.0
4431.009171771908 0.0 0.0 0.0 1.0 0.0 0.0 26.0 0.0
4432.009171771908 0.0 0.0 0.0 1.0 0.0 0.0 26.0 0.0
4433.00834207029 0.0 0.0 0.0 1.0 0.0 0.0 26.0 0.0
4434.009171771908 0.0 0.0 0.0 1.0 0.0 0.0 26.0 0.0
4435.009171771908 0.0 0.0 0.0 1.0 0.0 0.0 26.0 0.0
4436.009171771908 0.0 0.0 0.0 1.0 0.0 0.0 26.0 0.0
4437.009171771908 0.0 0.0 0.0 1.0 0.0 0.0 26.0 0.0
4438.009171771908 0.0 0.0 0.0 1.0 0.0 0.0 26.0 0.0
4439.00429703272 0.0 0.0 0.0 1.0 0.0 0.0 26.0 0.0
4440.009171771908 0.0 0.0 0.0 1.0 0.0 0.0 26.0 0.0
4441.009171771908 0.0 0.0 0.0 1.0 0.0 0.0 26.0 0.0
4442.009171771908 0.0 0.0 0.0 1.0 0.0 0.0 26.0 0.0
4443.009171771908 0.0 0.0 0.0 1.0 0.0 0.0 26.0 0.0
4444.009171771908 0.0 0.0 0.0 1.0 0.0 0.0 26.0 0.0
4445.009171771908 0.0 0.0 0.0 1.0 0.0 0.0 26.0 0.0
4446.009171771908 0.0 0.0 0.0 1.0 0.0 0.0 26.0 0.0
4447.008752742988 0.0 0.0 0.0 1.0 0.0 0.0 26.0 0.0
4448.009171771908 0.0 0.0 0.0 1.0 0.0 0.0 26.0 0.0
4449.006430743222 0.0 0.0 0.0 1.0 0.0 0.0 26.0 0.0
4450.001172568431 0.0 0.0 0.0 1.0 0.0 0.0 26.0 0.0
4451.001016821422 0.0 0.0 0.0 1.0 0.0 0.0 26.0 0.0
4452.009171771908 0.0 0.0 0.0 1.0 0.0 0.0 26.0 0.0
4453.009171771908 0.0 0.0 0.0 1.0 0.0 0.0 26.0 0.0
4454.009171771908 0.0 0.0 0.0 1.0 0.0 0.0 26.0 0.0
4455.009171771908 0.0 0.0 0.0 1.0 0.0 0.0 26.0 0.0
4456.009171771908 0.0 0.0 0.0 1.0 0.0 0.0 26.0 0.0
4457.004199014901 0.0 0.0 0.0 1.0 0.0 0.0 26.0 0.0
4458.004436326271 0.0 0.0 0.0 1.0 0.0 0.0 26.0 0.0
4459.009171771908 0.0 0.0 0.0 1.0 0.0 0.0 26.0 0.0
4460.009171771908 0.0 0.0 0.0 1.0 0.0 0.0 26.0 0.0
4461.009171771908 0.0 0.0 0.0 1.0 0.0 0.0 26.0 0.0
4462.009171771908 0.0 0.0 0.0 1.0 0.0 0.0 26.0 0.0
4463.00364936906 0.0 0.0 0.0 1.0 0.0 0.0 26.0 0.0
4464.009171771908 0.0 0.0 0.0 1.0 0.0 0.0 26.0 0.0
4465.009171771908 0.0 0.0 0.0 1.0 0.0 0.0 26.0 0.0
4466.009171771908 0.0 0.0 0.0 1.0 0.0 0.0 26.0 0.0
4467.004650943663 0.0 0.0 0.0 1.0 0.0 0.0 26.0 0.0
4468.009171771908 0.0 0.0 0.0 1.0 0.0 0.0 26.0 0.0
4469.009171771908 0.0 0.0 0.0 1.0 0.0 0.0 26.0 0.0
4470.009171771908 0.0 0.0 0.0 1.0 0.0 0.0 26.0 0.0
4471.009171771908 0.0 0.0 0.0 1.0 0.0 0.0 26.0 0.0
4472.001010631651 0.0 0.0 0.0 1.0 0.0 0.0 26.0 0.0
4473.009171771908 0.0 0.0 0.0 1.0 0.0 0.0 26.0 0.0
4474.009171771908 0.0 0.0 0.0 1.0 0.0 0.0 26.0 0.0
4475.009171771908 0.0 0.0 0.0 1.0 0.0 0.0 26.0 0.0
4476.009171771908 0.0 0.0 0.0 1.0 0.0 0.0 26.0 0.0
4477.004397649323 0.0 0.0 0.0 1.0 0.0 0.0 26.0 0.0
4478.009171771908 0.0 0.0 0.0 1.0 0.0 0.0 26.0 0.0
4479.009171771908 0.0 0.0 0.0 1.0 0.0 0.0 26.0 0.0
4480.009171771908 0.0 0.0 0.0 1.0 0.0 0.0 26.0 0.0
4481.009171771908 0.0 0.0 0.0 1.0 0.0 0.0 26.0 0.0
4482.009171771908 0.0 0.0 0.0 1.0 0.0 0.0 26.0 0.0
4483.002385204316 0.0 0.0 0.0 1.0 0.0 0.0 26.0 0.0
4484.009171771908 0.0 0.0 0.0 1.0 0.0 0.0 26.0 0.0
4485.006916096385 0.0 0.0 0.0 1.0 0.0 0.0 26.0 0.0
4486.009171771908 0.0 0.0 0.0 1.0 0.0 0.0 26.0 0.0
4487.004792906545 0.0 0.0 0.0 1.0 0.0 0.0 26.0 0.0
4488.009171771908 0.0 0.0 0.0 1.0 0.0 0.0 26.0 0.0
4489.009171771908 0.0 0.0 0.0 1.0 0.0 0.0 26.0 0.0
4490.009171771908 0.0 0.0 0.0 1.0 0.0 0.0 26.0 0.0
4491.009171771908 0.0 0.0 0.0 1.0 0.0 0.0 26.0 0.0
4492.009171771908 0.0 0.0 0.0 1.0 0.0 0.0 26.0 0.0
4493.009171771908 0.0 0.0 0.0 1.0 0.0 0.0 26.0 0.0
4494.005255880499 0.0 0.0 0.0 1.0 0.0 0.0 26.0 0.0
4495.009171771908 0.0 0.0 0.0 1.0 0.0 0.0 26.0 0.0
4496.009171771908 0.0 0.0 0.0 1.0 0.0 0.0 26.0 0.0
4497.009171771908 0.0 0.0 0.0 1.0 0.0 0.0 26.0 0.0
4498.009171771908 0.0 0.0 0.0 1.0 0.0 0.0 26.0 0.0
4499.009171771908 0.0 0.0 0.0 1.0 0.0 0.0 26.0 0.0
4500.004702047868 0.0 0.0 0.0 1.0 0.0 0.0 26.0 0.0
4501.009171771908 0.0 0.0 0.0 1.0 0.0 0.0 26.0 0.0
4502.009171771908 0.0 0.0 0.0 1.0 0.0 0.0 26.0 0.0
4503.009171771908 0.0 0.0 0.0 1.0 0.0 0.0 26.0 0.0
4504.007645424185 0.0 0.0 0.0 1.0 0.0 0.0 26.0 0.0
4505.009171771908 0.0 0.0 0.0 1.0 0.0 0.0 26.0 0.0
4506.009171771908 0.0 0.0 0.0 1.0 0.0 0.0 26.0 0.0
4507.009171771908 0.0 0.0 0.0 1.0 0.0 0.0 26.0 0.0
4508.0061414583415 0.0 0.0 0.0 1.0 0.0 0.0 26.0 0.0
4509.009171771908 0.0 0.0 0.0 1.0 0.0 0.0 26.0 0.0
4510.009171771908 0.0 0.0 0.0 1.0 0.0 0.0 26.0 0.0
4511.009171771908 0.0 0.0 0.0 1.0 0.0 0.0 26.0 0.0
4512.009171771908 0.0 0.0 0.0 1.0 0.0 0.0 26.0 0.0
4513.009171771908 0.0 0.0 0.0 1.0 0.0 0.0 26.0 0.0
4514.003539007645 0.0 0.0 0.0 1.0 0.0 0.0 26.0 0.0
4515.009171771908 0.0 0.0 0.0 1.0 0.0 0.0 26.0 0.0
4516.009171771908 0.0 0.0 0.0 1.0 0.0 0.0 26.0 0.0
4517.005285784135 0.0 0.0 0.0 1.0 0.0 0.0 26.0 0.0
4518.009171771908 0.0 0.0 0.0 1.0 0.0 0.0 26.0 0.0
4519.009171771908 0.0 0.0 0.0 1.0 0.0 0.0 26.0 0.0
4520.009171771908 0.0 0.0 0.0 1.0 0.0 0.0 26.0 0.0
4521.009171771908 0.0 0.0 0.0 1.0 0.0 0.0 26.0 0.0
4522.009171771908 0.0 0.0 0.0 1.0 0.0 0.0 26.0 0.0
4523.009171771908 0.0 0.0 0.0 1.0 0.0 0.0 26.0 0.0
4524.009171771908 0.0 0.0 0.0 1.0 0.0 0.0 26.0 0.0
4525.009171771908 0.0 0.0 0.0 1.0 0.0 0.0 26.0 0.0
4526.009171771908 0.0 0.0 0.0 1.0 0.0 0.0 26.0 0.0
4527.009171771908 0.0 0.0 0.0 1.0 0.0 0.0 26.0 0.0
4528.0045273734895 0.0 0.0 0.0 1.0 0.0 0.0 26.0 0.0
4529.004106622093 0.0 0.0 0.0 1.0 0.0 0.0 26.0 0.0
4530.009171771908 0.0 0.0 0.0 1.0 0.0 0.0 26.0 0.0
4531.009171771908 0.0 0.0 0.0 1.0 0.0 0.0 26.0 0.0
4532.009171771908 0.0 0.0 0.0 1.0 0.0 0.0 26.0 0.0
4533.009171771908 0.0 0.0 0.0 1.0 0.0 0.0 26.0 0.0
4534.009171771908 0.0 0.0 0.0 1.0 0.0 0.0 26.0 0.0
4535.009080565355 0.0 0.0 0.0 1.0 0.0 0.0 26.0 0.0
4536.009171771908 0.0 0.0 0.0 1.0 0.0 0.0 26.0 0.0
4537.009171771908 0.0 0.0 0.0 1.0 0.0 0.0 26.0 0.0
4538.009171771908 0.0 0.0 0.0 1.0 0.0 0.0 26.0 0.0
4539.009171771908 0.0 0.0 0.0 1.0 0.0 0.0 26.0 0.0
4540.009171771908 0.0 0.0 0.0 1.0 0.0 0.0 26.0 0.0
4541.009171771908 0.0 0.0 0.0 1.0 0.0 0.0 26.0 0.0
4542.009171771908 0.0 0.0 0.0 1.0 0.0 0.0 26.0 0.0
4543.009171771908 0.0 0.0 0.0 1.0 0.0 0.0 26.0 0.0
4544.009171771908 0.0 0.0 0.0 1.0 0.0 0.0 26.0 0.0
4545.002613290562 0.0 0.0 0.0 1.0 0.0 0.0 26.0 0.0
4546.009171771908 0.0 0.0 0.0 1.0 0.0 0.0 26.0 0.0
4547.009171771908 0.0 0.0 0.0 1.0 0.0 0.0 26.0 0.0
4548.009171771908 0.0 0.0 0.0 1.0 0.0 0.0 26.0 0.0
4549.009171771908 0.0 0.0 0.0 1.0 0.0 0.0 26.0 0.0
4550.009171771908 0.0 0.0 0.0 1.0 0.0 0.0 26.0 0.0
4551.009171771908 0.0 0.0 0.0 1.0 0.0 0.0 26.0 0.0
4552.009171771908 0.0 0.0 0.0 1.0 0.0 0.0 26.0 0.0
4553.009171771908 0.0 0.0 0.0 1.0 0.0 0.0 26.0 0.0
4554.005533101802 0.0 0.0 0.0 1.0 0.0 0.0 26.0 0.0
4555.009171771908 0.0 0.0 0.0 1.0 0.0 0.0 26.0 0.0
4556.009171771908 0.0 0.0 0.0 1.0 0.0 0.0 26.0 0.0
4557.009171771908 0.0 0.0 0.0 1.0 0.0 0.0 26.0 0.0
4558.005546777723 0.0 0.0 0.0 1.0 0.0 0.0 26.0 0.0
4559.004141076266 0.0 0.0 0.0 1.0 0.0 0.0 26.0 0.0
4560.009171771908 0.0 0.0 0.0 1.0 0.0 0.0 26.0 0.0
4561.009171771908 0.0 0.0 0.0 1.0 0.0 0.0 26.0 0.0
4562.005882474561 0.0 0.0 0.0 1.0 0.0 0.0 26.0 0.0
4563.002917393858 0.0 0.0 0.0 1.0 0.0 0.0 26.0 0.0
4564.009171771908 0.0 0.0 0.0 1.0 0.0 0.0 26.0 0.0
4565.009171771908 0.0 0.0 0.0 1.0 0.0 0.0 26.0 0.0
4566.009171771908 0.0 0.0 0.0 1.0 0.0 0.0 26.0 0.0
4567.009171771908 0.0 0.0 0.0 1.0 0.0 0.0 26.0 0.0
4568.009171771908 0.0 0.0 0.0 1.0 0.0 0.0 26.0 0.0
4569.009171771908 0.0 0.0 0.0 1.0 0.0 0.0 26.0 0.0
4570.009171771908 0.0 0.0 0.0 1.0 0.0 0.0 26.0 0.0
4571.009171771908 0.0 0.0 0.0 1.0 0.0 0.0 26.0 0.0
4572.004080386352 0.0 0.0 0.0 1.0 0.0 0.0 26.0 0.0
4573.000812468446 0.0 0.0 0.0 1.0 0.0 0.0 26.0 0.0
4574.009171771908 0.0 0.0 0.0 1.0 0.0 0.0 26.0 0.0
4575.005779505398 0.0 0.0 0.0 1.0 0.0 0.0 26.0 0.0
4576.009171771908 0.0 0.0 0.0 1.0 0.0 0.0 26.0 0.0
4577.009171771908 0.0 0.0 0.0 1.0 0.0 0.0 26.0 0.0
4578.000649496398 0.0 0.0 0.0 1.0 0.0 0.0 26.0 0.0
4579.009171771908 0.0 0.0 0.0 1.0 0.0 0.0 26.0 0.0
4580.005920946488 0.0 0.0 0.0 1.0 0.0 0.0 26.0 0.0
4581.009171771908 0.0 0.0 0.0 1.0 0.0 0.0 26.0 0.0
4582.009171771908 0.0 0.0 0.0 1.0 0.0 0.0 26.0 0.0
4583.009171771908 0.0 0.0 0.0 1.0 0.0 0.0 26.0 0.0
4584.009171771908 0.0 0.0 0.0 1.0 0.0 0.0 26.0 0.0
4585.006072461883 0.0 0.0 0.0 1.0 0.0 0.0 26.0 0.0
4586.009171771908 0.0 0.0 0.0 1.0 0.0 0.0 26.0 0.0
4587.009171771908 0.0 0.0 0.0 1.0 0.0 0.0 26.0 0.0
4588.009171771908 0.0 0.0 0.0 1.0 0.0 0.0 26.0 0.0
4589.000534387816 0.0 0.0 0.0 1.0 0.0 0.0 26.0 0.0
4590.009171771908 0.0 0.0 0.0 1.0 0.0 0.0 26.0 0.0
4591.006580872972 0.0 0.0 0.0 1.0 0.0 0.0 26.0 0.0
4592.009171771908 0.0 0.0 0.0 1.0 0.0 0.0 26.0 0.0
4593.009171771908 0.0 0.0 0.0 1.0 0.0 0.0 26.0 0.0
4594.009171771908 0.0 0.0 0.0 1.0 0.0 0.0 26.0 0.0
4595.009171771908 0.0 0.0 0.0 1.0 0.0 0.0 26.0 0.0
4596.009171771908 0.0 0.0 0.0 1.0 0.0 0.0 26.0 0.0
4597.009171771908 0.0 0.0 0.0 1.0 0.0 0.0 26.0 0.0
4598.009171771908 0.0 0.0 0.0 1.0 0.0 0.0 26.0 0.0
4599.004444907356 0.0 0.0 0.0 1.0 0.0 0.0 26.0 0.0
4600.009171771908 0.0 0.0 0.0 1.0 0.0 0.0 26.0 0.0
#####################################################################
# End of data export. Simulation finished at: 2026-01-30T11:30+0000 #
#####################################################################
